jupyter_notebooks/gpw_v4_population_count_adjusted_to_2015_unwpp_country_totals_rev11_2020_1_deg.asc
ncols         360
nrows         180
xllcorner     -180
yllcorner     -90
cellsize      1.0000000000001
NODATA_value  -9999
[rows 32 to 63 of 180, columns 216 to 287 of 360]
52695.68 88675.61 261920.9 678530.5 479240 285695.5 150595.3 33609.24 42082.11 56960.3 67523.36 45352.67 57602.05 56390.96 31867.35 35320.93 70560.7 141670.3 95244.36 467029.6 562115.9 93863.55 119928.2 364796.8 243886.4 224577 90747.55 73214.46 44339.99 713126 39530.45 20549.44 11561.69 11080.71 11419.35 9995.055 8589.166 15475.44 18880.46 13256.7 3229.89 2871.679 2876.708 4972.662 4215.136 7452.147 9422.055 15365.51 23001.3 32987.08 9259.442 6280.452 4090.305 5078.799 5044.227 6082.867 11160.61 13104.48 8345.433 8941.339 9964.853 10301.42 14894.32 8471.399 6477.525 3237.091 43934.15 11819.22 11138.69 7867.813 9670.194 4173.12
351471 895255.8 586237 187096.2 593715.9 444721.9 153998 1471169 433843.1 67387.33 90047.66 880976.1 198530.7 141674.3 137076.9 115230.4 179992.8 841063.1 294961.1 95716.87 85114.68 95751.77 69554.37 167090.7 1606025 328102 139692.1 124204.9 43131.8 77803.03 111235.1 43604.65 40704.79 104041.9 28615.55 17516.38 15216.5 19119.25 29518.58 20422.19 12217.84 12306.28 6641.362 6860.392 5606.15 6201.589 8614.663 30387.22 374804.8 431526.8 90338.56 43431.36 37451.75 35842.16 170693.5 22316.97 485919.4 301726.9 98853.84 123551.3 27682 25187.26 15743.68 9091.147 10597.52 240893.9 10809.3 15532.07 15703.21 10002.33 9674.34 3599.267
779123.1 1.609503e+07 1925022 398106.1 165428.5 142573.6 278306.4 257899.2 142068.5 108894.5 180282.8 296065.9 488084.9 1100250 164709.6 442110.3 728071.1 128234.4 156247.2 154155.7 88242.07 88310.45 99189.12 210098.8 289531.6 1275957 58906.9 47568.49 60744.59 349689.9 32987.75 28530.94 52889.66 116894.6 29109.35 44832.76 55475.19 462025.9 52203.93 40815.49 32326.18 42047.83 48904.36 20988.33 15736.49 28011.16 643604.3 237221.3 145548.7 211885.4 477033.1 25376.44 32389.77 81953.02 48224.44 19415.79 359473.6 55602.06 50132.66 17891.28 23162 18910.24 13432.54 9290.046 11726.11 11532.68 11685.41 7111.368 4976.325 4659.087 3976.79 3738.434
497297 950831.3 436398.2 666432.5 93975.9 125959.3 91983.48 189038.4 137400.4 445234.4 137288.5 123179.4 726886.6 199918.8 138415.4 151531.2 306059.7 351241 206153.9 478682 907031.9 99025.96 133043.9 198632.7 151578.6 316994.2 45459.73 31250.95 40258.43 27006.03 20263.66 23547.16 86595.86 86332.66 25095.23 60120.89 72100.64 809819.6 74257.97 38036.35 25590.62 33940.53 35269.1 30188.93 31709.79 45683.67 442951 697676.4 54575.54 129370.6 345417.5 32594.34 39989.38 32382.96 29003.01 26896.87 15018.95 14337.85 13220.74 11131.68 9888.48 11447.03 10120 10122.17 55548.99 20288.67 48761.33 5106.094 3336.358 3177.171 3648.018 3764.578
181516.4 198195.6 292592.6 157236.6 120478.2 117695.3 91712.8 122616.3 332307.2 486668.2 191636.6 97610.86 296757.3 1131996 1230542 162960.4 138688.8 75408.56 92374 502996.3 198403.8 56163.45 235033.3 308821.5 72497.52 37059.75 57238.8 252517 62166.21 21437.69 18516.13 24470.03 46258.55 116913.8 47884.19 12223.64 9346.83 15976.31 25029.1 13744.62 16514.09 33684.89 58581.03 44567.9 34277.22 78546.02 62032.83 768556.8 97922.4 40854.14 308448.8 636832.1 76262.79 37702.73 37603.34 394207 21572.82 11556.86 11141.97 8211.229 5386.325 5577.639 8361.773 9907.241 14359.32 19828.04 62577.87 90999.37 29132.06 20153.29 5947.521 3276.842
356397.3 145633.3 249471 706312.8 228985.3 476535.8 111737.9 128083.4 123675.5 98637.55 100122.2 144111.8 114264.2 150837.7 97812.65 63878.32 136639.2 74923.07 52159.4 144850 78969.91 35568.36 132726.2 36413.88 48008.55 26496.29 46556.51 113825.1 31543.57 13559.96 21096.59 20617.07 29014.1 84247.52 44748.33 13126.5 11754.33 9868.525 30462.92 29660.55 141794 261879.4 68677.73 49542.76 50545.37 53793.7 74671.79 45024.28 123320.7 211192.3 28026.83 20642.9 24380.12 10956.82 39511.11 41712.18 11184.27 9091.58 12327.58 6500.634 1044.318 1053.191 1569.427 1530.553 2937.998 11077.97 26010.58 361272.9 626549.7 38679.55 14300.02 13777.72
535667.3 323823.1 293145.9 1243301 156588.7 133842.3 201306.1 135369.9 78659.84 719389.6 521251.8 193372.1 97936.55 53433.89 132506.3 150445.6 85647.8 54874.34 75870.67 591399.3 54041.81 80421.98 377442.5 59871.51 34411.36 21771.71 7134.74 11402.15 6892.271 11796.25 12111.34 10962.04 26410 23656.77 258800.3 543413.8 76096.6 15841 50376.57 38275.77 30730.86 38060.98 12115.83 25960.61 33865.93 197654.1 44990.68 24805.15 33658.61 93650.89 42191.32 7912.91 6102.438 9730.247 27122.76 17205.57 20029.19 20076.71 132619.7 6443.976 3149.812 2927.501 2759.596 3059.074 3420.037 6539.761 14376.82 54734.39 37651.21 31646.86 54999.19 457188.3
1470186 246037 219704.9 235238.8 184702.2 110036.7 102329.7 128486.4 77902.77 205404.4 63233.27 45914.57 44259.41 24407.74 48907.2 35299.39 16532.97 20420.38 21199.79 18835.37 91725.33 543805.4 24170.32 24196.65 9763.999 5895.033 3875.253 2900.162 3412.551 4506.583 10833.56 11517 11895.03 4942.867 114996.6 412306.3 70269.53 133887.4 222568.2 16993.7 7850.705 11724.43 21449.46 62976.69 74545.91 90964.6 85937.89 81722.39 30683 11642.79 10477.57 7233.093 5578.094 7927.771 10482.52 13900.4 14280.96 8939.875 9653.448 7631.962 4543.081 1592.881 3959.941 4943.541 5497.468 2898.463 8006.609 12742.79 18007.05 21402.05 63249.42 38777.27
1133183 250706.6 194921.4 146320.6 126309.2 69346.9 49752 88103.55 67132.85 69592.81 29693.75 13699.84 13098.22 10825.73 9624.12 10992.88 10457.63 11085.38 11832.9 14704.04 25631.52 24810.14 19547.77 11405.19 3781.431 3470.587 3065.353 2501.604 2732.063 4420.151 9676.301 11035.93 3479.266 3028.37 3283.071 16448.78 142106 230643.6 103563.9 10136.39 17714.17 88971.86 69844.51 23032.85 17977.07 50411.24 194422.3 83153.45 31447.96 14400.79 10963.53 6956.79 8544.125 15469.08 7279.028 14499.23 5265.731 3383.567 4123.107 5869.68 3673.483 4217.333 5702.677 7822.7 44391.57 11174.67 6556.079 3964.508 86361.43 82309.66 40202.96 7100.187
263753.1 1466823 1723509 1042631 326152.5 115429.2 67057.13 90826.08 1427079 71279.84 69269.15 11536.06 8295.795 9222.362 13513.79 18188.69 14890.33 10789.37 10304.54 5511.661 8515.145 17295.25 12680.77 7767.351 4166.769 3176.548 2610.831 2395.879 7289.294 9883.949 10738.02 10761.02 10313.25 7316.321 5676.346 6116.036 4994.185 4821.329 11326.98 15174.19 15224.82 30934.6 21734.14 7983.357 10815.49 12635.08 14728.77 9402.973 8737.973 14909.92 57383.43 16298.77 30507.76 30691.05 9393.182 14449.73 3892.219 2052.806 2430.265 3078.686 2676.409 4021.163 7963.835 9969.138 9470.046 9824.615 8124.45 15284.76 37483.11 14456.75 584733.7 150647.5
173442.2 1361931 653521.3 1603435 672531.9 158533.8 237918.6 59664.65 25249.23 20169.62 40860.76 41102.3 33826.68 20747.39 16747.69 54454.17 136167.7 28473.3 19843.73 3453.708 2754.238 4114.399 6384.563 5888.375 6577.073 12131.19 6830.197 6899.343 10397.53 10949.21 10969.99 10882.42 10852.76 7342.045 6226.013 5763.612 4952.172 6597.53 12401.51 17951.55 17894.15 13663.21 13201.81 12535.5 19677.86 18586.21 15758.55 19442.79 18549.85 44276.87 75098.9 158815.8 86926.18 26435.66 13457 24644.52 5305.022 2974.126 2188.33 2471.236 14964.21 2572.437 3704.818 5137.424 6910.771 25632.97 14708.16 11863.84 8554.949 5315.55 758554.7 293631.9
155055.6 36601.4 271011.6 307769.7 199025.8 177939.9 85217.12 41194.15 128268.4 11599.41 24774.17 247442.1 484041 19724.96 2343.163 44399.95 68590.8 18259.29 22448.29 16757.36 6543.721 3280.773 5904.634 8788.646 10334.07 13715.48 17023.85 38414.36 14063.93 10947.04 11098.22 11154.19 10202.28 6378.349 6350.025 5455.276 5001.868 8468.287 7613.485 8318.63 13827.13 15298.74 15229.42 19322.34 18531.93 16774.43 159027 350093.4 60740.76 41694.25 24831.5 39197.39 23619.2 37787.56 54156.49 7017.05 4183.855 3955.831 2938.167 6111.854 12644.44 3151.229 3464.69 5360.058 31898.21 12941.66 38357.11 10223.09 6620.388 4753.204 2774.545 2143.256
218003.3 323903.7 815748.9 938377.4 551605.8 591805.1 320893.9 131431.9 55799.95 21861.18 25762.98 56334.3 27577.87 1.851098 205.0123 7825.667 2544.22 15459.49 16111.55 21319.06 24809.98 36897.1 34028.77 13732.19 11932.14 16522.86 19964.11 49268.88 26018.81 102661 13240.38 14393.49 12604.93 10931.36 9666.253 7742.018 5373.143 3838.179 6202.823 7498.929 14631.3 21482.31 91937.87 26428.74 22275.3 59219.23 47285.73 66311.49 403657.5 119328.8 10442.49 312.7238 1536.014 2804.883 8092.941 5935.977 1761.183 1821.339 1773.774 2642.707 2637.637 2740.61 3524.349 3054.897 3684.644 6066.984 4267.045 5051.059 3187.63 3683.76 9873.692 1993.91
-9999 437268.5 370275.1 518813.7 401469.4 661845.3 642177.7 656962.8 214848 94017.7 67185.34 17415.53 -9999 3.051426 9249.252 12790.61 6412.044 5715.968 15996.18 13483.54 102646.6 102666.8 65706.77 21968.5 36163.91 22057.73 29497.04 33655.16 12747.66 205273.9 22693.47 24156.6 13037.44 12298.4 14875.52 11294.61 5472.391 6853.192 42616.47 55044.52 182225.5 100464.2 129696.6 139053 309317.2 229914 265862.9 50037.32 539354.6 608348.1 809519.8 734459.5 96615.37 128659.5 16240.82 5495.314 1682.835 2748.917 828.2933 686.5348 1277.934 629.2921 1130.339 1874.674 2986.177 3001.979 3773.75 3109.983 2555.792 3283.38 1924.688 1343.163
-9999 -9999 -9999 256325.2 329456.6 223005.5 325518.2 672229.5 792511.4 1067210 993079.5 626590.1 -9999 -9999 68.3783 419837.3 21860.82 27273.04 33399.83 27579.43 104435.4 104435.4 102977.7 103541 103760.8 92190.16 63806.55 56970.58 51353.32 41353.31 28637.15 72582.94 347888.4 41767.19 91972.84 296107.9 88995.38 84366.31 195249.4 94453.04 2034027 525777.5 229828.6 75884.15 143625.4 1094030 373759.1 235370.7 24197.44 19468.21 63506.1 4040251 73797.4 226383.2 95004.13 26126.47 99618.77 94977.02 25497.54 4687.543 1060.268 690.6536 1030.344 1411.41 1878.741 1927.216 2212.35 2254.824 26292.1 6489.782 6041.652 4938.127
-9999 -9999 -9999 -9999 827.1415 266494.3 490555.4 218350.3 415422.5 231025.7 403130.4 1036127 255011.6 -9999 -9999 887.8882 17523.71 31641.18 35945.48 35477.2 106146.7 93426.16 132243.7 120688.3 106072.7 104008.5 75899.15 73919.77 73924.66 72853.34 34897.45 43471.52 79042.88 1505480 441218.1 340072.1 173444.7 141892.4 1549296 266820.6 198934.4 80907.74 176336 73158.87 61135.47 58614.33 25387.11 12408.7 23106 42320.93 346492.3 44935.65 102302.4 324764.4 89152.23 0 16707.55 350978 18115.01 4076.344 544.5343 1740.518 4431.708 920.4133 3565.855 4931.795 5040.155 1749.752 1665.873 1773.921 3890.915 10065.74
963377.1 140630 5091.619 75849.72 96165.78 446822.6 234339.8 216012.9 1641381 636677.1 449380.6 373659.9 685139.4 27843.54 -9999 -9999 6678.313 471.1404 28115.99 37026.63 103181.9 112930.9 152404.2 152550.5 1106338 436675.1 192588.7 76634.16 75053.34 75019.16 103159.1 174711.2 390184.5 3407434 1373054 1007223 636482.8 377445.9 65715.63 87629.2 64175.1 52962.98 54341.49 230927.4 589289.4 170248.7 758457 208040.9 109380.1 95629.13 671251.7 22040.91 2550.073 17264.8 0 0 0 291.6176 9961.05 7031.972 2149.188 576.8543 25.06539 2089.427 4803.714 4691.096 8513.021 907.8705 1241.833 7651.467 26680.65 148720.8
553964.4 540700.5 402985.1 613067.6 309514.8 206738.3 186119.4 482068.4 2102806 548185.9 1032546 938612.9 561104.8 2864601 313042.9 -9999 6971.324 27449.05 31497.33 39227.73 51877.95 146322.3 143192 154387.4 122238.5 110453.3 646303.9 399165.1 342471.9 185613.6 975224.4 533670.6 1405439 1872568 2274415 3573832 3412304 717614.4 109320.2 22379.33 36750.41 14638.55 50615.13 115977.7 421003.4 181699.4 24614.81 4586.852 1066.272 667.1768 5848.934 7821.146 2758.125 3064.962 0 0 0 1908.808 134836.8 95596.53 94575.03 70707.48 79367.26 38348.25 1795.52 115.4573 886.9807 1608.607 1680.313 5337.184 166607.3 704946.5
346003.3 213940.6 42145.68 199942.9 159667.1 350935.4 322734.6 631755.5 511050.9 473750.7 510531.2 648761.3 999247.7 201419.3 -9999 -9999 253.5474 19557.42 39792.79 39749.57 44205.91 77893.27 77897.54 79707.88 109487.2 118376.1 144894 318132 439766.5 1326223 1691138 1144839 489469.7 428532.4 241956.1 159884.2 139818.6 79355.63 69992.11 917987.4 1306459 385508.2 238295.3 83102.16 0 0 0 0 0 0 73.89233 4035.344 9824.123 2798.61 1390.847 1.639405 2205.107 6628.859 59512.23 11096.17 9048.236 74761.23 729990.6 184646.6 191259.5 10340.9 11246.41 30556.05 3501.644 34340.59 1129815 134325.6
174046 236740 749898.9 727805.9 687896.1 475157.2 318197.3 782707.5 625974.6 702176.8 1455383 407155.1 1368748 2975.306 -9999 -9999 -9999 4870.287 40361.19 62055.57 147706.5 128957.4 78953.44 78861.27 106013 139756.5 124419.7 113892.6 244557.8 698809.3 986771.3 1169548 2719037 934508.4 322467.9 84461.08 23626.36 3752.866 10473.47 55971.88 311970.1 1279326 1226.768 0 32582.92 17669.18 475.6637 527.5546 5.329147 54760.3 5454.975 6421.6 14871.86 1493.937 3849.433 15121.27 4294.268 556.6761 3725.616 4812.938 80.21895 2123.227 4376.792 32879.5 660183.8 260423.8 616917.8 165730.4 11018.86 175833.5 3071032 121646.3
1150462 1985383 1101986 1057445 1000359 1267064 1522599 794993.4 1232065 848343.1 1420229 324916 536691.9 1718385 328604.5 -9999 -9999 4193.763 357232.6 534828.9 178983.4 486146.8 1144630 108373.8 85656.63 136419.3 142155.1 127142.6 144491.5 171266.1 547878.4 975151 1733635 1576835 755094.8 153479.7 53478.38 10378.95 14061.48 31997.7 83797.34 427162.5 257963.5 1091883 322700.8 51233.74 22028.71 6390.309 7275.294 3770.686 2395.154 91.03652 8.730397 60.81335 1738.004 14204.93 7697.578 843.4247 981.3218 8200.478 9552.797 93490.68 42121.88 39005.8 50893.52 319831.8 908346.4 377418.8 216647.3 882523.9 834299.9 391514.7
2230037 4498530 1008633 541701.8 622534.4 639810.4 2300798 1686768 1644190 882380.9 658062.6 268756.9 566720.1 798067.7 1057776 1175172 1585786 883749.2 1006072 166603.8 87413.91 231741.3 462883.5 2228375 747385.5 131699.4 143854.5 142156.1 359359.9 588659.9 992635.8 948322.2 1113907 1169357 552962.3 230864 203150.6 120537.1 119178.3 59272.36 5074.709 3178.535 12175.54 96955.54 99002.7 268127.7 29189.16 3488.125 1292.95 44.14713 0 0 0 0 0 979.7515 1800.936 1493.918 258576.5 27090.74 6340.606 62305.1 49956.29 32005.73 117336.3 2786822 1091925 3317898 995885.6 727870.3 608782.8 412301.9
2754653 427959.6 319384.2 450967.9 390733 177282.2 453274.1 1355581 1758213 1573068 861717.9 398480.7 466477.5 460439.8 2533309 1.308833e+07 353645.6 122205.2 65478.33 49952.6 60468.39 117969.5 444126.6 758095.6 820947.8 225630.3 275282.8 355224.9 696322.7 400233.7 389548.7 283195.6 516934.6 1058229 198904.4 794388.2 2331170 554593.5 248649.2 140837.8 80411.55 15168.96 1414.97 1870.79 715.4714 4028.116 1194.861 0 0 0 0 0 0 0 0 0 151.3197 2629.455 13011.41 1955.132 10158.86 12322.34 12557.91 47113.47 176810.9 165653 701097.6 2318038 1339668 1498937 1500970 1744105
2481682 150704.6 34396.87 80729.7 478850.9 202664.4 224262.2 641907.1 631905.9 508645.3 898860.9 981940.3 1333840 731186 935247.4 879466.8 104150.5 68021.52 50487.76 41540.67 32033.23 51241.59 100079.2 148030.9 198417.5 333336.4 1625965 449332.4 187172.8 266114.4 396555 443260.1 1088192 6391462 2629681 7440174 7240899 3978237 3937143 993259.4 143175.1 23281.14 15691.79 1136.836 1474.681 36.07048 0 0 0 0 0 0 0 0 0 0 2063.925 2372.353 7527.593 31586.66 11172.79 5519.77 5248.023 23593 75266.77 67788.5 143824.9 466099.8 1133174 2688094 767015.2 3313644
4654756 47639.5 9056.69 13342.09 27526.8 52075.96 332540.2 1179262 8820925 276660 434157.9 578331.5 907697.8 570902.2 540744.4 538061.6 49021.61 11487.47 15112.37 20479.08 14708.91 30511.19 67688.89 123812.7 110896.7 183698.7 272069.2 201136.6 278152.6 326622.6 373881.3 387412.6 1082785 1706734 2096212 4946091 6202009 6792472 3945572 2776474 144573.1 33760.59 31095.82 7681.621 2505.897 892.4653 92.34626 1671.798 2805.625 1769.97 2294.146 1043.3 539.076 83.49051 581.8253 1164.896 924.9991 2424.518 6476.13 50625.43 92650.06 79786.28 25666.73 42350.36 51459.39 51523.59 74537.95 76765.62 750071.1 978132.6 1114889 1398337
2658757 43943.77 8711.511 7769.981 4184.896 4135.802 38692.8 955068.6 3578098 1176372 594888.1 428219.1 760097.9 384598.4 573778.2 1804759 1504647 140482.3 317230.5 37165.34 19946.4 15597.05 129305.9 91481.16 69370.88 157524.2 343081.5 101597.4 274182.7 432492.2 288978.6 321240.9 213124.7 757113.9 2652628 2699869 4154385 6875447 1.238341e+07 4546813 1303275 177834.5 23425.21 16163.95 12162.52 5462.569 3767.301 7099.503 5677.744 3749.302 2612.347 7668.99 5475.398 2848.749 7483.173 25887.61 26398.45 43146.59 17018.16 64682.18 124584.9 57298.81 67489.11 57759.77 83015.04 77041.16 59017.17 103224 287643.9 1060029 1314233 871877.7
775910.4 110989.8 38308.91 39517.6 53339.51 15571.17 4183.216 250514.6 1130044 1842355 1559083 917423.9 1470196 673463.9 537112.6 372995.9 864454.9 154564.7 542874.9 86654.29 49663.24 61183.3 142587.1 31625.98 53445.52 177106.8 47609.58 192902.8 510099.7 1182316 235421.4 238801.8 90616.54 296099.8 1687897 2076125 6334927 1.217292e+07 1.660855e+07 7767556 4218870 1470937 167080.2 33109.8 5122.332 4112.539 4230.76 6230.853 5971.538 10139.4 7266.727 8514.494 9620.97 15057.89 20517.32 63890.77 92845.31 77759.45 68370.43 74346.7 96032.98 114683 111310.7 87750.48 121301.8 64767.95 147791.5 936832.7 4869337 2521834 4303100 3565217
6333.389 47946.37 90269.51 58114.9 67970.19 68437.38 70977.91 313483.9 77694.7 143395 650663.4 2608855 939829.8 543417.8 406089 381570.3 343614 153085.5 57690.71 220663.6 283828.9 163311.4 199365.3 145794 156931.7 179474 48122.18 43890.94 84049.97 84836.4 1077341 612248.3 275916.6 315525 2301926 7564300 7856339 7539509 5220283 6442542 9138524 5264429 2915780 624352.8 123094 14938.78 3979.957 9082.536 3392.582 5899.383 8128.036 10778.86 12226.26 13823.52 31784.63 72567.82 36107.17 25540.62 29517.03 46433.98 44819.41 61414.07 74010.88 40522.53 96759.31 144521.9 386469.7 8235274 1.240548e+07 4913713 5120898 3554608
73219.55 112732.9 45296.19 25659.7 48180.08 67045.84 39390.95 42493.48 9689.324 4366.941 170794.7 2108794 1508214 0.8210616 339167.5 601450.4 1851693 414716.7 124918.5 227453.8 134074.2 303611.2 210055.4 204032.2 192896.3 51576.93 16583.88 35787.86 37476.71 105816.2 396927.9 319594.9 180767.3 266813 3936135 6359157 3623893 2820029 2643839 4231749 6715176 1.233813e+07 7546913 3105307 1303917 583450.9 123106.2 11761.05 10957.97 12388.16 22741.81 71284.8 162578.5 173632.8 141858.7 559163.6 55177.07 31746.06 80238.3 28399.98 17891.46 41961.57 64711.56 62986.71 68418.19 69998.43 864339.3 3241646 4864499 5537817 9487323 2717987
129982.9 90268.67 59453.06 49929.19 81997.88 85604.92 33102.31 24258.04 54795.53 80021.22 96512.23 459934.6 329960.4 -9999 71849.29 278863.8 227473.3 355810.9 288818.4 195510.5 101995.2 486250.8 205995.2 120590.7 117519.4 101783.3 32115.67 30215.83 72959.05 92702.89 233405.2 527615.9 2268605 2340243 4109881 384477.3 552106.5 1300500 1488407 3247793 9460559 3.54881e+07 1.222611e+07 1.12707e+07 5191204 2688889 1115464 872166.6 567785.3 79499.12 30318.31 64220.89 42823.55 84871.36 40833.03 43240.25 52783.75 70604.66 163661.3 130814.8 47955.81 17856.94 46954.58 99499.26 64761.61 164866.1 1209412 1167430 3305417 3693503 2088287 1274265
88681.95 65882.52 12757.49 23921.04 92802.21 93205.03 38236.46 90517.91 127145.7 94830.63 78217.19 42723.65 62657.11 151182.8 3.084511 26171.51 665186 246416.5 198003 356946.7 611554.9 312284.1 156758.5 74510.01 86736.48 111813 81612.16 52401.29 56511.52 66050.79 164982.6 2091524 5736304 1380839 381174.7 392981.3 810726.9 1985602 2571452 4964575 5789347 9757965 1.246684e+07 9507338 9765631 9278218 7557998 7214825 4889695 7352185 646667.8 538488.6 1636586 286772 95680.42 222887.3 172180.9 795587.3 2310458 3032080 199382.1 75331.47 107994.3 362732.3 341525.9 487938 1668216 2378703 2715793 2976884 3397208 1810391
34972.73 33519.04 28609.57 34281.25 68513.7 55810.95 125610 303248.8 235372.1 78760.53 43411.58 16326.11 44130.9 2272557 2237837 8529.386 -9999 38991.2 102555.1 149228.8 79089.65 194869.4 73401.27 141642.4 159344 176328.1 176922.8 196670.5 154077.7 71737.32 144088 1655954 3369376 384233.7 234781.5 499281.1 2030878 2811850 3290926 6308980 4131014 4745008 6096959 6722205 1.416625e+07 1.093376e+07 1.195582e+07 1.48207e+07 1.666167e+07 1.762514e+07 1.044681e+07 1.046287e+07 8707855 6859480 4931022 6509078 6440525 2477469 2754626 347394.6 90279.05 82130.98 161242 601565.9 1166995 1438880 1228901 1718673 3091358 3259460 5450495 1742139
