jupyter_notebooks/gpw_v4_population_count_adjusted_to_2015_unwpp_country_totals_rev11_2020_1_deg.asc
ncols         360
nrows         180
xllcorner     -180
yllcorner     -90
cellsize      1.0000000000001
NODATA_value  -9999
[rows 32 to 63 of 180, columns 144 to 215 of 360]
-9999 -9999 -9999 -9999 -9999 -9999 -9999 -9999 -9999 -9999 -9999 -9999 -9999 -9999 -9999 -9999 -9999 -9999 -9999 -9999 -9999 -9999 -9999 -9999 -9999 -9999 -9999 22.10502 5533.788 9980.916 13374.45 141357 110646.5 457943 35882.48 -9999 -9999 -9999 -9999 -9999 -9999 -9999 4.719254 1412.316 9233.184 221000 143474.6 514152.2 668446.1 133795.5 242527 73938.02 73540.38 1045.058 54602.71 724.231 -9999 48572.83 51537.3 32679.2 246361.6 108979.6 73411.38 69001.86 234093.5 39645.53 31965.71 44174.62 30578.92 58781.25 138061.4 84932.16
-9999 -9999 -9999 -9999 -9999 -9999 -9999 -9999 -9999 -9999 -9999 -9999 -9999 -9999 -9999 -9999 -9999 -9999 -9999 -9999 -9999 -9999 -9999 -9999 -9999 -9999 -9999 -9999 1062.683 3430.134 40485.64 53829.83 756621.9 318401.3 -9999 -9999 -9999 -9999 -9999 -9999 -9999 -9999 -9999 -9999 274912.3 484977.7 561174 1830.848 449154.7 183091.1 267920.7 139497.9 100509 -9999 588.6967 -9999 3894.259 164613.1 154022 303655.6 572934.6 117836.8 81096.46 97015.46 46720.42 39513.14 123824.4 32346.56 41466.04 31165.08 99417.83 429793
-9999 -9999 -9999 -9999 -9999 -9999 -9999 -9999 -9999 -9999 -9999 -9999 -9999 -9999 -9999 -9999 -9999 -9999 -9999 -9999 -9999 -9999 -9999 -9999 -9999 -9999 -9999 11492.46 124615.8 125080.8 22135.63 1908032 1229448 198156.5 506963.6 -9999 -9999 -9999 -9999 -9999 -9999 -9999 -9999 -9999 243519 602871.5 457413.7 469569.1 2172177 685777.1 83532.84 8333.182 -9999 -9999 -9999 -9999 2635.309 370810.9 160999.4 232582.3 244949.4 128158.6 193316.2 93595.89 218574.3 88652.28 431985.3 49398.19 76046.79 89203.18 95687.64 151999.3
-9999 -9999 -9999 -9999 -9999 -9999 -9999 -9999 -9999 -9999 -9999 -9999 -9999 -9999 -9999 -9999 -9999 -9999 -9999 -9999 -9999 -9999 -9999 -9999 -9999 2098.542 35810.59 119125.9 334065 854923.7 753269.5 113342.8 292641 432604.9 2310837 246851.5 -9999 -9999 -9999 -9999 -9999 -9999 -9999 1415.011 127641.4 784348.9 620857.2 172282.6 336327.9 241408.7 9812.859 131236.5 300037.6 343283.2 1371778 330020.4 748710 251082.8 236628.9 471929.5 284971.1 713326.4 209920.4 180010.6 423906.9 100009.9 224349.3 107965.8 363907.3 113917.1 86599.08 133875.1
-9999 -9999 -9999 -9999 -9999 -9999 -9999 -9999 -9999 -9999 -9999 -9999 -9999 -9999 -9999 -9999 -9999 -9999 -9999 -9999 -9999 -9999 -9999 -9999 -9999 6362.126 182596.7 240401 363968.8 1981921 4.645669 134846.7 1052628 6422919 5044824 1392631 106033.8 -9999 -9999 -9999 13733.14 344208.5 769626.8 720694.5 1571594 1899982 2267153 437844.2 263904.5 298192.5 841398.4 339877.6 361634.2 543577.6 1111728 496716 522059 355921.4 396979.7 856592.6 193011.1 305073.9 277860.4 2344316 170429 300854.2 484139.7 109022.6 100014 129068.8 611325.7 94361.48
-9999 -9999 -9999 -9999 -9999 -9999 -9999 -9999 -9999 -9999 -9999 -9999 -9999 -9999 -9999 -9999 -9999 -9999 -9999 -9999 -9999 -9999 -9999 -9999 -9999 8624.935 190527 397274.1 336996.5 306299.1 720.3017 126833.9 214044.5 2359706 5314465 2089888 1109786 1048872 -9999 -9999 4096441 2876491 1944194 1294493 1737470 1839616 1308757 653078.1 473335.8 4408741 413941.1 490750.7 1183922 814046.7 792478.6 731350.6 1759581 1884648 450205.1 586210.6 193006.7 171745 272164.4 231334.1 108446.8 250325.1 514807.6 387637.7 204802.2 136987.4 105480.7 199588.3
-9999 -9999 -9999 -9999 -9999 -9999 -9999 -9999 -9999 -9999 -9999 -9999 -9999 -9999 -9999 -9999 -9999 -9999 -9999 -9999 -9999 -9999 -9999 -9999 -9999 6574.189 52756.87 377533.7 16137.94 -9999 29639.16 434264.3 1931417 2398701 1677507 1.158296e+07 5117501 691642.4 361769.6 1313859 4926412 3547658 5452023 5490593 1618168 1205609 838699.6 987086 1483463 1157945 730617.6 734164.9 1165838 1051020 691523.1 1549457 666694.1 879222.7 986264.9 311921.9 277696.6 257259.2 269129.9 145400.5 133472.1 102593.5 111149.3 480131.3 146366.5 342145.5 164543.1 206590.6
-9999 -9999 -9999 -9999 -9999 -9999 -9999 -9999 -9999 -9999 -9999 -9999 -9999 -9999 -9999 -9999 -9999 -9999 -9999 -9999 -9999 -9999 -9999 -9999 -9999 -9999 -9999 -9999 -9999 -9999 285503.2 625137.4 712495 426891.2 1761195 950952.1 474942.9 519168.7 1624621 3424735 4096470 2217240 2326405 2756954 3591752 983759.8 960060.3 1029521 1545908 997914.9 2497331 1136716 1227999 746596.1 2303176 2471013 1204046 1057852 843857.3 534855.7 528158.5 617363.6 670513.6 329240.9 556199.3 279927.1 3618683 290857.3 243007.7 217313.5 503644.6 239909.3
-9999 -9999 -9999 -9999 -9999 -9999 -9999 -9999 -9999 -9999 -9999 -9999 -9999 -9999 -9999 -9999 -9999 -9999 -9999 -9999 -9999 -9999 -9999 -9999 -9999 -9999 -9999 -9999 -9999 2219.602 1645.756 -9999 -9999 167445.3 329503.7 497714.4 855173.6 1205364 1722473 653973.8 556123.2 653806.6 2098411 1532688 3956114 1568407 1252330 1571306 731611.6 679179.5 846890.1 618752.8 1181588 1100841 1987876 1329643 1239944 907323.8 537340 1132891 1033558 682462 484473.2 418620 833672.2 257585.8 514205.9 400502.4 458648 532930.5 503677 242109
-9999 -9999 -9999 -9999 -9999 -9999 -9999 -9999 -9999 -9999 -9999 -9999 -9999 -9999 -9999 -9999 -9999 -9999 -9999 -9999 -9999 -9999 -9999 -9999 -9999 -9999 -9999 -9999 -9999 -9999 771.6932 550010.6 383918.8 516310.2 1032960 476266.5 485846.1 1025543 1.093289e+07 461885.6 406656.9 283079.2 832110.8 1948692 2117419 3453214 1640448 3404459 1116483 844007.3 1094087 530712.2 2745827 1412278 879731.3 607811.8 767230.9 1001730 843325.4 619292.6 829318.9 909367.6 640871.9 493312.3 404718.2 350252.2 385186.5 219374.9 406150.3 458774.3 908675 977207.7
-9999 -9999 -9999 -9999 -9999 -9999 -9999 -9999 -9999 -9999 -9999 -9999 -9999 -9999 -9999 -9999 -9999 -9999 -9999 -9999 -9999 -9999 -9999 -9999 -9999 -9999 -9999 -9999 -9999 -9999 -9999 122690.8 406713.4 740833.8 1341624 868560.9 869403.3 681530.1 460905 302343.6 220697.3 606566.5 864563.9 2479980 3433942 1830971 709163.3 927904.6 742029.5 618431.5 258728.8 790763.4 867205.9 681855.9 1287206 2705466 554088.5 966432.3 402317.7 349898.2 236595.1 203263.5 479252.6 729914.4 1203314 528336.7 175484.9 235741.8 193260.2 702435.4 460677.9 971304.4
-9999 -9999 -9999 -9999 -9999 -9999 -9999 -9999 -9999 -9999 -9999 -9999 -9999 -9999 -9999 -9999 -9999 -9999 -9999 -9999 -9999 -9999 -9999 -9999 -9999 -9999 -9999 -9999 -9999 -9999 -9999 -9999 -9999 34771.88 757762.8 583288.4 479149.9 279720.2 251075.2 357821.1 748236.8 555764.1 2111940 1171638 454898.8 436418.9 205011.5 834921.3 340642.9 565319.2 1056314 978722.8 698431.8 418973.8 687200 542958.9 578882.1 392700.3 131916 435535.7 369739 197686.4 407275.9 287576.6 853045.1 722587.5 1466306 184877.5 908933.9 316581.4 158707.4 247258.9
-9999 -9999 -9999 -9999 -9999 -9999 -9999 -9999 -9999 -9999 -9999 -9999 -9999 -9999 -9999 -9999 -9999 -9999 -9999 -9999 -9999 -9999 -9999 -9999 -9999 -9999 -9999 -9999 -9999 -9999 -9999 -9999 -9999 -9999 120856.4 589966.3 496157.1 569872.1 156669.9 716776.2 2739384 1680345 561451.6 2013749 2552889 6590219 2190499 2641078 1997803 796479.4 511020.2 997032.5 827017.4 375161.2 606761.9 869539.2 449142.7 424838.5 176453.8 239669.3 329889 519025 297576.1 414326.2 569644.2 178442.2 12822.92 -9999 18246.13 404576.2 368164.3 179209.9
-9999 -9999 -9999 -9999 -9999 -9999 -9999 -9999 -9999 -9999 -9999 -9999 -9999 -9999 -9999 -9999 -9999 -9999 -9999 -9999 -9999 -9999 -9999 -9999 -9999 -9999 -9999 -9999 -9999 -9999 -9999 -9999 -9999 -9999 155623.1 1267617 524789.4 387213.4 343325.8 168028.3 918723 281090.3 184110.5 896538 1455551 680991.5 1805379 1763050 867015.1 81439.45 32792.03 250238 324103.8 736461.7 1010308 661476.3 2265213 343695.4 252700.8 372086.8 432722.6 606018.6 5812679 4274349 328544.5 1383.072 -9999 -9999 -9999 500030.5 606200.5 24043.35
-9999 -9999 -9999 -9999 -9999 -9999 -9999 -9999 -9999 -9999 -9999 -9999 -9999 -9999 -9999 -9999 -9999 -9999 -9999 -9999 -9999 -9999 -9999 -9999 -9999 -9999 19742.79 652679.6 199190.8 115092.4 804756.9 166200.5 703252.3 1136325 776041.9 626174.8 408531 1695211 578092.9 1150204 1017829 2492224 888791.3 1089578 61885.78 569.577 1423223 1683808 1037384 1001974 -9999 76451.46 455727.9 502712.3 632818.3 277406.7 609589.1 845791.8 258158.9 306289.8 380858.9 400504 450624.2 683355.5 116955.5 -9999 -9999 -9999 -9999 -9999 -9999 -9999
-9999 -9999 -9999 -9999 -9999 -9999 -9999 -9999 -9999 -9999 -9999 -9999 -9999 -9999 -9999 -9999 -9999 -9999 -9999 -9999 -9999 -9999 -9999 -9999 -9999 -9999 47089.34 1200920 325260.8 172207.2 300890.7 100733.2 249480.9 658635.5 588691.2 113468.4 94409.33 244621.7 758201.6 174476.8 -9999 -9999 3490.784 -9999 38537.41 162940.2 109899.4 343482.9 1208835 783125.1 692448.9 841.8998 10941.75 38152.73 242632.8 531851.4 1257665 1401397 274821.4 1752968 775932.9 519469.2 330717 400452.5 3.454936 -9999 -9999 -9999 -9999 536.9514 8833.393 9013.582
-9999 -9999 -9999 -9999 -9999 -9999 -9999 -9999 -9999 -9999 -9999 -9999 -9999 -9999 -9999 -9999 -9999 -9999 -9999 -9999 -9999 -9999 -9999 -9999 -9999 -9999 -9999 2803525 352030 105237 169853.3 576136.7 94491.87 73661.43 370798.7 607200.3 456919.8 1697206 4740321 112860.3 -9999 -9999 -9999 -9999 117615.8 77832.98 -9999 4.697874 3891842 988323.7 1186706 680017.4 1145235 44390.6 -9999 1577498 666763.8 820387.7 449298.6 384724.8 355190 433860.9 426689.6 944593.1 9469703 3311051 94480.2 531780.7 586901.7 238150.1 244683.3 363128.9
-9999 -9999 -9999 -9999 -9999 -9999 -9999 -9999 -9999 -9999 -9999 -9999 -9999 -9999 -9999 -9999 -9999 -9999 -9999 -9999 -9999 -9999 -9999 -9999 -9999 -9999 -9999 1069848 422829.1 120187.3 312045.1 517935.3 6641477 75005.45 99920.36 163863.5 335993 -9999 -9999 16742.17 5257.805 -9999 -9999 -9999 374680.5 260979.5 -9999 -9999 3261.568 73866.05 4118639 653016.3 565835.8 1130907 586569.2 499516.2 304834.1 327782.3 1411166 288129.5 139276.8 79818.01 364187.1 436448.4 1838053 6663875 1485674 594138.3 1589668 288135.8 388453 442256.1
-9999 -9999 -9999 -9999 4873.106 -9999 -9999 2601.59 1303.172 -9999 -9999 -9999 -9999 -9999 -9999 -9999 -9999 -9999 -9999 -9999 -9999 -9999 -9999 -9999 -9999 -9999 299688.1 768734.3 156406.9 250360.1 135055.4 314635.3 424987.3 197228 180371.6 2531041 15876.5 33605.69 729953.5 241183.1 63864.95 -9999 -9999 -9999 383815.1 527804.3 -9999 -9999 -9999 -9999 -9999 83290.73 686953.1 92656.98 149856.3 110309.7 321572.3 274676.9 491057.2 48160.32 1196.227 20605.16 469799.8 954801.9 370513.4 490667.2 974552.9 103637.2 3752465 855313.9 267407.3 260350.7
-9999 -9999 -9999 -9999 -9999 -9999 -9999 33238.92 52793.41 -9999 -9999 -9999 -9999 -9999 -9999 -9999 -9999 -9999 -9999 -9999 -9999 -9999 -9999 -9999 -9999 -9999 2532361 430682.1 235323.8 372204.1 137917.5 172027.8 350587.6 106250.5 610325.1 2017156 153165.6 125749.3 -9999 -9999 -9999 -9999 -9999 -9999 7478.91 157.7592 -9999 -9999 121637 985745.9 146440.2 737271 601409.6 15711.72 -9999 -9999 97633.74 450604.9 288795.7 1855377 47051.11 3328.569 504117 4365975 724551.8 524069.8 535884.6 246226.5 555302.6 329542.5 644852.8 1498018
-9999 -9999 -9999 -9999 -9999 -9999 -9999 -9999 -9999 -9999 138443.5 -9999 -9999 -9999 -9999 -9999 -9999 -9999 -9999 -9999 -9999 -9999 -9999 -9999 -9999 -9999 -9999 368041.1 349646.4 877011.6 1252958 834966.4 911171.9 186738.3 837168.9 420599.6 -9999 -9999 -9999 -9999 -9999 -9999 58526.31 11823.8 5558.801 458596 127241.7 5690.57 301576.3 653698.3 822586.4 1066881 3913.875 -9999 -9999 -9999 37862.57 217573.7 358890 2189315 76563.41 51240.98 56684.01 980675.1 663024.1 916341.5 1047016 242929.9 938420.8 379810.3 616232 826346.2
-9999 -9999 -9999 -9999 -9999 -9999 -9999 -9999 -9999 -9999 5216.152 -9999 -9999 -9999 -9999 -9999 -9999 -9999 -9999 -9999 -9999 -9999 -9999 -9999 -9999 -9999 -9999 0 1123.588 691175.7 752277.8 1386206 228963.1 522568.4 5678.031 -9999 594286.6 1477430 3365186 5843960 2180935 2319055 3017927 2258912 871428.4 792420.6 3738562 73123.05 1413.93 -9999 334145.1 83717.82 -9999 -9999 -9999 -9999 -9999 19428.84 57261.05 10983.9 9196.722 24050.09 10556.3 88109.42 290658.3 380825.9 1008600 154692.7 364361.3 225019.2 897655.6 1421785
-9999 -9999 -9999 -9999 -9999 -9999 -9999 -9999 -9999 -9999 -9999 -9999 -9999 -9999 -9999 -9999 -9999 -9999 -9999 -9999 -9999 -9999 -9999 -9999 -9999 -9999 -9999 -9999 -9999 248117.7 2653722 207267.2 381544.7 536687.8 608420 3004205 1967667 1489734 587332.9 502944.5 881519.1 1271834 1148380 887365.2 772621.4 658666.6 2041490 98956.99 6221.122 -9999 392255.3 -9999 -9999 -9999 -9999 -9999 -9999 -9999 -9999 55265.47 237330.9 338141.7 19508.63 7133.665 -9999 -9999 -9999 -9999 46632.32 587114 58044.29 808431.9
-9999 -9999 -9999 -9999 -9999 -9999 -9999 -9999 -9999 -9999 -9999 -9999 -9999 -9999 -9999 -9999 -9999 -9999 -9999 -9999 -9999 -9999 -9999 -9999 -9999 -9999 -9999 -9999 -9999 2317010 2097503 1685146 452363.4 683384.1 1365696 271453.4 342926.4 151502 464523.3 992254.1 287973.4 712306.6 151796.8 153303.6 428595.3 425600.8 863478.2 15669.14 -9999 -9999 -9999 -9999 -9999 -9999 -9999 -9999 -9999 -9999 -9999 3.369469 2761.719 4733.533 47.15157 -9999 -9999 -9999 -9999 -9999 192772.7 330243.7 3426.703 951723.8
-9999 -9999 -9999 -9999 -9999 -9999 -9999 -9999 -9999 -9999 -9999 -9999 -9999 -9999 -9999 -9999 -9999 -9999 -9999 4749.023 -9999 -9999 -9999 -9999 -9999 -9999 -9999 637513.3 5864463 1847411 1721881 559334.4 154019.8 31161.42 57520.36 145205.1 81844.41 91461.2 260979.5 137276.8 82512.55 300474.1 614031.3 131437 108328.2 199102.2 655710.6 86101.66 -9999 -9999 -9999 -9999 -9999 -9999 -9999 -9999 -9999 -9999 -9999 -9999 -9999 -9999 -9999 -9999 -9999 -9999 -9999 -9999 -9999 -9999 -9999 5045419
-9999 -9999 -9999 -9999 -9999 -9999 -9999 -9999 -9999 -9999 -9999 -9999 -9999 -9999 -9999 -9999 -9999 -9999 39584.73 210800 -9999 -9999 -9999 -9999 -9999 -9999 544132.4 1111559 996642.1 1743519 443426.5 228636.3 59790.23 20004 62422.78 111551.9 62541.03 35486.58 32646.48 222223.1 221512.9 107324.6 115113.1 10497.76 11124.85 26113.73 100001.1 273269.3 654769.9 1980486 235836.6 28893.24 -9999 -9999 -9999 266.7607 203550.2 222488.4 77777.82 13069.1 172.3461 -9999 -9999 -9999 -9999 -9999 -9999 -9999 -9999 -9999 3042320 6556933
-9999 -9999 -9999 -9999 -9999 -9999 -9999 -9999 -9999 -9999 -9999 -9999 -9999 -9999 -9999 -9999 -9999 -9999 -9999 -9999 -9999 -9999 -9999 -9999 -9999 -9999 549240.9 1036048 2035245 454088 299601.5 334439.3 36530.76 116561.7 125542.6 6777.492 5406.614 52786.63 23423.72 17584.62 75682.4 77993.47 5223.116 1226.174 1226.174 3788.143 15012.76 25537.19 49216.84 144656 230614.3 85447.15 5116.89 1146.309 -9999 15814.21 531838.6 289282.5 92314.38 28851.73 25858.73 31312.25 124865.4 189758.4 10459.08 3326763 7576568 7521460 1056003 222657.7 4179364 5452106
-9999 -9999 -9999 -9999 -9999 -9999 -9999 -9999 -9999 -9999 -9999 -9999 -9999 -9999 -9999 -9999 -9999 -9999 -9999 0 0 -9999 -9999 -9999 -9999 -9999 2005959 538532.1 164385.7 253924.7 203170.1 7844.941 7615.723 17649.75 8995.284 8081.949 7935.443 14086.66 16179.82 15840.36 8437.097 7687.065 6675.885 1423.442 1545.647 5467.55 16734.81 20064.3 49735.7 64867.58 100135 23662.29 23662.29 22816.03 12142.11 4772.474 11246.21 11432.6 18935.82 24313.88 21967.11 24.95316 0 5515.4 29165.33 799414.7 7297432 3.229611e+07 1851475 57679.71 74202.27 323214.5
-9999 -9999 -9999 -9999 -9999 -9999 -9999 -9999 -9999 -9999 -9999 -9999 -9999 -9999 -9999 -9999 -9999 -9999 -9999 -9999 -9999 -9999 44089.18 -9999 -9999 126586.5 376028.3 61833.71 39228.62 10822.76 8624.087 952.692 1030.011 9360.249 9689.918 34139.17 26690.03 28043.67 9127.067 8397.146 7323.763 3932.906 1383.581 1394.069 1910.217 6669.697 18360.05 20131.29 50239.43 50239.43 32518.87 13763.38 15964.91 19181.72 19427.63 11548.22 11548.39 11548.39 11548.39 24364.37 22787.63 18486.53 16085.65 0 0 0 4101441 8062200 384325.7 24043.1 32311.58 215287.6
-9999 -9999 -9999 -9999 -9999 -9999 -9999 -9999 -9999 -9999 -9999 -9999 -9999 -9999 -9999 -9999 -9999 221.4839 110316.7 922191.2 577159.2 46941.46 160352.6 236.5709 96726.09 64912.03 24429.24 11591.13 2076.521 760.662 760.662 828.9531 1000.419 4237.888 14185.17 67054.08 23702.59 12598.44 8969.44 6524.875 2173.181 1526.123 1297.319 1297.319 2320.789 6148.369 11030.24 10551.7 11278.25 11192.05 9331.544 6399.658 5772.313 6069.022 11387.05 11293.14 11660.66 11656.08 11660.66 22893.82 23902.74 0 251.9915 0 41431.76 8093.185 4813473 85508.52 25937.49 37824.54 87801.13 105123.5
-9999 -9999 -9999 -9999 -9999 -9999 -9999 -9999 -9999 -9999 -9999 -9999 -9999 -9999 -9999 -9999 -9999 4830.936 6421.259 280.0579 304858.7 -9999 305914.2 13145.74 1921.589 874.898 496.3511 8367.087 12854.34 11893.67 3903.721 767.7542 1133.12 23171.55 25051.7 85981.6 18158.43 15323.76 7998.653 1865.843 1637.05 1484.615 1561.277 2948.487 4484.89 6694.364 7508.68 9697.306 11035.79 14515.6 36078.15 69043.91 10696.36 5826.132 5826.132 10630.34 11568.21 11637.95 11654.22 11550.68 11369.72 0 0 11378.44 5844.707 0 3658598 2497403 4620.405 203737.3 41715.5 27000.42
-9999 -9999 -9999 -9999 -9999 -9999 -9999 -9999 -9999 -9999 -9999 -9999 -9999 -9999 -9999 -9999 -9999 -9999 -9999 -9999 -9999 54217.15 25361.58 1183.714 58958.15 100.3264 83.53111 537.3671 5464.028 12459.35 13717.56 10824.1 4585.756 9110.647 8555.58 5612.96 25856.11 30378.55 8155.711 6863.432 1235.953 1273.239 2512.7 4603.99 4603.99 5027.298 6027.979 14267.26 28175.89 28813.43 50170.26 12672.66 4497.366 5569.182 5409.854 2227.743 1501.065 1501.065 1501.065 1501.065 1501.062 0 0 18047.87 0 0 0 5398946 2069490 82466.95 12094.88 142.5275
