jupyter_notebooks/gpw_v4_population_count_adjusted_to_2015_unwpp_country_totals_rev11_2020_1_deg.asc
ncols         360
nrows         180
xllcorner     -180
yllcorner     -90
cellsize      1.0000000000001
NODATA_value  -9999
[rows 0 to 31 of 180, columns 216 to 287 of 360]
-9999 -9999 -9999 -9999 -9999 -9999 -9999 -9999 -9999 -9999 -9999 -9999 -9999 -9999 -9999 -9999 -9999 -9999 -9999 -9999 -9999 -9999 -9999 -9999 -9999 -9999 -9999 -9999 -9999 -9999 -9999 -9999 -9999 -9999 -9999 -9999 -9999 -9999 -9999 -9999 -9999 -9999 -9999 -9999 -9999 -9999 -9999 -9999 -9999 -9999 -9999 -9999 -9999 -9999 -9999 -9999 -9999 -9999 -9999 -9999 -9999 -9999 -9999 -9999 -9999 -9999 -9999 -9999 -9999 -9999 -9999 -9999
-9999 -9999 -9999 -9999 -9999 -9999 -9999 -9999 -9999 -9999 -9999 -9999 -9999 -9999 -9999 -9999 -9999 -9999 -9999 -9999 -9999 -9999 -9999 -9999 -9999 -9999 -9999 -9999 -9999 -9999 -9999 -9999 -9999 -9999 -9999 -9999 -9999 -9999 -9999 -9999 -9999 -9999 -9999 -9999 -9999 -9999 -9999 -9999 -9999 -9999 -9999 -9999 -9999 -9999 -9999 -9999 -9999 -9999 -9999 -9999 -9999 -9999 -9999 -9999 -9999 -9999 -9999 -9999 -9999 -9999 -9999 -9999
-9999 -9999 -9999 -9999 -9999 -9999 -9999 -9999 -9999 -9999 -9999 -9999 -9999 -9999 -9999 -9999 -9999 -9999 -9999 -9999 -9999 -9999 -9999 -9999 -9999 -9999 -9999 -9999 -9999 -9999 -9999 -9999 -9999 -9999 -9999 -9999 -9999 -9999 -9999 -9999 -9999 -9999 -9999 -9999 -9999 -9999 -9999 -9999 -9999 -9999 -9999 -9999 -9999 -9999 -9999 -9999 -9999 -9999 -9999 -9999 -9999 -9999 -9999 -9999 -9999 -9999 -9999 -9999 -9999 -9999 -9999 -9999
-9999 -9999 -9999 -9999 -9999 -9999 -9999 -9999 -9999 -9999 -9999 -9999 -9999 -9999 -9999 -9999 -9999 -9999 -9999 -9999 -9999 -9999 -9999 -9999 -9999 -9999 -9999 -9999 -9999 -9999 -9999 -9999 -9999 -9999 -9999 -9999 -9999 -9999 -9999 -9999 -9999 -9999 -9999 -9999 -9999 -9999 -9999 -9999 -9999 -9999 -9999 -9999 -9999 -9999 -9999 -9999 -9999 -9999 -9999 -9999 -9999 -9999 -9999 -9999 -9999 -9999 -9999 -9999 -9999 -9999 -9999 -9999
-9999 -9999 -9999 -9999 -9999 -9999 -9999 -9999 -9999 -9999 -9999 -9999 -9999 -9999 -9999 -9999 -9999 -9999 -9999 -9999 -9999 -9999 -9999 -9999 -9999 -9999 -9999 -9999 -9999 -9999 -9999 -9999 -9999 -9999 -9999 -9999 -9999 -9999 -9999 -9999 -9999 -9999 -9999 -9999 -9999 -9999 -9999 -9999 -9999 -9999 -9999 -9999 -9999 -9999 -9999 -9999 -9999 -9999 -9999 -9999 -9999 -9999 -9999 -9999 -9999 -9999 -9999 -9999 -9999 -9999 -9999 -9999
-9999 -9999 -9999 -9999 -9999 -9999 -9999 -9999 -9999 -9999 -9999 -9999 -9999 -9999 -9999 -9999 -9999 -9999 -9999 -9999 -9999 -9999 -9999 -9999 -9999 -9999 -9999 -9999 -9999 -9999 -9999 -9999 -9999 -9999 -9999 -9999 -9999 -9999 -9999 -9999 -9999 -9999 -9999 -9999 -9999 -9999 -9999 -9999 -9999 -9999 -9999 -9999 -9999 -9999 -9999 -9999 -9999 -9999 -9999 -9999 -9999 -9999 -9999 -9999 -9999 -9999 -9999 -9999 -9999 -9999 -9999 -9999
-9999 -9999 -9999 -9999 -9999 -9999 -9999 -9999 -9999 -9999 -9999 -9999 -9999 -9999 -9999 -9999 -9999 -9999 -9999 -9999 -9999 -9999 -9999 -9999 -9999 -9999 -9999 -9999 -9999 -9999 -9999 -9999 -9999 -9999 -9999 -9999 -9999 -9999 -9999 -9999 -9999 -9999 -9999 -9999 -9999 -9999 -9999 -9999 -9999 -9999 -9999 -9999 -9999 -9999 -9999 -9999 -9999 -9999 -9999 -9999 -9999 -9999 -9999 -9999 -9999 -9999 -9999 -9999 -9999 -9999 -9999 -9999
-9999 -9999 -9999 -9999 -9999 -9999 -9999 -9999 -9999 -9999 -9999 -9999 -9999 -9999 -9999 -9999 -9999 -9999 -9999 -9999 -9999 -9999 -9999 -9999 -9999 -9999 -9999 -9999 -9999 -9999 -9999 -9999 -9999 -9999 -9999 -9999 -9999 -9999 -9999 -9999 -9999 -9999 -9999 -9999 -9999 -9999 -9999 -9999 -9999 -9999 -9999 -9999 -9999 -9999 -9999 -9999 -9999 -9999 -9999 -9999 -9999 -9999 -9999 -9999 -9999 -9999 -9999 -9999 -9999 -9999 -9999 -9999
-9999 -9999 -9999 -9999 -9999 -9999 -9999 -9999 -9999 -9999 -9999 -9999 -9999 -9999 1.033687 0.03165524 -9999 -9999 0.706475 1.727615 2.780753 3.671004 4.012525 1.807145 0.5969412 0.9510759 0.5369232 0.6261346 9.171807 3.15307 -9999 -9999 -9999 -9999 -9999 -9999 -9999 -9999 -9999 -9999 -9999 -9999 -9999 -9999 -9999 -9999 -9999 -9999 -9999 -9999 -9999 -9999 -9999 -9999 0.9603953 1.160545 -9999 0.4773172 5.842079 15.39037 5.290923 -9999 -9999 -9999 -9999 -9999 -9999 -9999 -9999 -9999 -9999 -9999
0.8264818 -9999 -9999 -9999 -9999 -9999 -9999 -9999 0.1552644 1.017606 1.228869 11.29946 5.903557 10.53837 7.043312 1.396895 3.195431 4.473727 5.851332 6.294134 6.588059 8.730281 6.223858 4.597957 3.381476 2.901874 0.8114246 3.610603 1.924891 0.4486704 -9999 -9999 -9999 -9999 -9999 -9999 -9999 -9999 -9999 -9999 -9999 -9999 2.754843 5.390533 -9999 -9999 -9999 -9999 -9999 -9999 -9999 -9999 -9999 -9999 0.0003257019 7.640213 18.29458 29.62131 17.2744 19.80547 20.56387 17.99449 2.755884 1.807928 -9999 -9999 -9999 -9999 -9999 -9999 -9999 -9999
-9999 -9999 -9999 -9999 -9999 -9999 -9999 -9999 -9999 -9999 -9999 -9999 -9999 -9999 1.010144 0.6466442 -9999 -9999 -9999 -9999 -9999 -9999 1.290417 0.9276688 0.1265677 -9999 -9999 -9999 -9999 -9999 -9999 -9999 -9999 -9999 -9999 -9999 -9999 -9999 -9999 -9999 7.817259 3.288731 -9999 -9999 -9999 -9999 -9999 -9999 -9999 -9999 -9999 -9999 -9999 -9999 0.5057703 16.34151 27.29432 18.64613 41.23795 39.93989 56.48012 55.06451 17.6994 32.27861 2.882424 15.77113 27.77131 10.0983 0.911805 -9999 -9999 -9999
-9999 -9999 -9999 -9999 -9999 -9999 -9999 -9999 -9999 -9999 -9999 -9999 -9999 -9999 -9999 -9999 -9999 -9999 -9999 -9999 -9999 -9999 -9999 -9999 -9999 -9999 -9999 -9999 -9999 -9999 -9999 -9999 -9999 -9999 -9999 -9999 -9999 -9999 -9999 -9999 -9999 -9999 -9999 -9999 -9999 -9999 -9999 -9999 -9999 -9999 -9999 -9999 -9999 -9999 -9999 -9999 -9999 0.669929 -9999 0.05838387 0.9369578 15.12652 4.663321 11.05723 56.62064 50.10241 47.93092 55.66118 42.8544 8.381645 7.874372 7.343422
-9999 -9999 -9999 -9999 -9999 -9999 -9999 -9999 -9999 -9999 -9999 -9999 -9999 -9999 -9999 -9999 -9999 -9999 -9999 -9999 -9999 -9999 -9999 -9999 -9999 -9999 -9999 -9999 -9999 -9999 -9999 0.01606928 -9999 -9999 -9999 -9999 -9999 -9999 -9999 -9999 -9999 -9999 -9999 -9999 -9999 -9999 1.389832 -9999 -9999 -9999 -9999 -9999 2.186095 6.401926 0.8570824 0.6133084 0.3115969 -9999 -9999 4.088432 7.832745 -9999 -9999 2.280514 1.577649 14.90922 47.46369 70.18613 71.83248 40.59806 7.626299 4.27678
-9999 -9999 -9999 -9999 -9999 -9999 -9999 -9999 -9999 -9999 -9999 -9999 -9999 -9999 -9999 -9999 -9999 -9999 -9999 -9999 -9999 -9999 0.004739578 0.9808036 8.432709 17.95559 9.694708 6.946791 7.133474 8.762855 35.89303 43.75731 52.78516 0.1057533 -9999 -9999 -9999 -9999 -9999 -9999 -9999 -9999 -9999 -9999 -9999 -9999 -9999 -9999 -9999 -9999 -9999 -9999 0.1569889 0.1430947 -9999 0.1802458 0.3065749 7.951033 21.69354 35.44495 22.989 11.12115 23.18044 39.61845 54.23362 102.6184 114.7307 117.1513 118.134 121.2154 112.7338 72.19149
-9999 -9999 -9999 -9999 -9999 -9999 -9999 -9999 -9999 -9999 -9999 -9999 -9999 -9999 -9999 -9999 -9999 -9999 -9999 2.341924 14.53079 22.79422 20.54273 19.49743 23.9745 15.40473 6.261219 15.48446 7.30213 8.845302 1.23603 -9999 -9999 -9999 -9999 -9999 -9999 -9999 -9999 -9999 -9999 -9999 -9999 -9999 -9999 8.508227 11.09497 1.254956 -9999 -9999 1.009734 12.83578 34.76844 61.63257 79.94402 87.87661 103.0645 122.6727 131.4603 128.7062 123.0631 128.258 130.2528 123.8264 125.1399 131.2805 131.1245 131.2259 123.6407 130.035 129.6036 130.4621
-9999 -9999 -9999 -9999 -9999 -9999 -9999 -9999 -9999 -9999 -9999 -9999 -9999 -9999 -9999 -9999 -9999 -9999 4.155969 39.30933 61.39535 50.31043 58.44867 44.17366 12.25584 -9999 -9999 -9999 -9999 -9999 -9999 -9999 -9999 -9999 -9999 -9999 -9999 -9999 -9999 -9999 -9999 -9999 -9999 3.158493 -9999 -9999 4.049572 4.957194 5.181767 23.88976 70.34644 129.4867 140.9095 140.046 139.404 138.706 139.8429 140.7007 141.2723 140.4896 140.0992 139.0975 136.7436 122.4949 96.07058 90.97117 120.0329 120.9518 100.6899 123.3495 128.9682 110.4323
-9999 -9999 -9999 -9999 -9999 -9999 -9999 -9999 -9999 -9999 -9999 -9999 -9999 -9999 -9999 -9999 -9999 27.74366 94.53548 112.1721 94.79364 40.02463 0.4892109 -9999 -9999 -9999 -9999 -9999 -9999 -9999 -9999 -9999 -9999 25.55852 1070.857 366.0181 -9999 -9999 182.3935 120.0288 122.7982 -9999 0.5456359 3.419466 35.66204 90.2373 96.01147 97.728 108.9334 107.834 118.3867 127.3924 144.1745 145.3415 143.9063 144.7801 143.7033 144.1468 144.3297 145.5753 142.2792 137.547 138.8453 137.1121 139.0001 127.291 141.104 135.3301 141.3917 140.7155 105.6195 76.57956
-9999 -9999 -9999 -9999 -9999 -9999 -9999 -9999 -9999 -9999 -9999 -9999 -9999 -9999 -9999 6.526556 51.2636 131.14 135.4563 83.65882 4.665165 -9999 -9999 -9999 -9999 -9999 -9999 -9999 -9999 -9999 -9999 -9999 472.4729 2830.565 2765.031 2786.264 1750.644 -9999 398.7473 1243.905 108.7212 846.8651 923.907 181.2957 31.76689 103.2304 139.8976 152.4444 147.5207 152.8223 152.1452 149.813 147.0256 151.0507 147.9699 146.6772 150.5578 149.5685 150.5257 145.0506 141.9998 138.0048 135.8786 119.2317 141.5759 144.9803 140.5479 138.9351 134.4714 134.9021 142.7241 148.2709
-9999 -9999 -9999 -9999 -9999 -9999 -9999 -9999 -9999 -9999 -9999 -9999 -9999 -9999 -9999 34.69776 89.99792 111.4045 141.4782 110.7337 14.26436 -9999 -9999 -9999 -9999 -9999 -9999 -9999 -9999 -9999 140.9583 1295.653 2714.348 3422.443 3388.039 3129.079 848.9692 1700.643 3298.803 1481.545 1827.046 2165.521 2718.602 2190.975 421.7682 117.8839 82.86039 114.4998 159.5271 158.4223 159.5721 161.9509 152.2618 152.7712 154.7533 151.1628 151.403 150.0593 144.2915 136.6374 141.2343 144.8611 143.8701 153.1827 160.394 158.0593 157.4073 166.175 168.2368 168.2381 167.7331 167.8531
-9999 -9999 -9999 -9999 -9999 -9999 -9999 -9999 -9999 -9999 -9999 -9999 -9999 -9999 -9999 -9999 0.0001948039 12.08501 43.5888 53.73167 52.62368 16.68337 69.44083 124.617 4.53835 -9999 -9999 -9999 -9999 -9999 218.3645 2480.009 3271.492 3582.188 3144.311 3140.903 1994.718 250.1555 3155.59 3315.64 3308.701 3257.867 3108.693 2802.538 1457.889 157.447 121.6455 118.78 167.0163 160.7349 158.1057 154.9273 156.1253 162.5524 168.7796 170.3187 170.379 167.1423 163.7429 164.0025 165.3861 168.6581 168.0981 170.7697 176.1443 175.9367 176.5706 174.3068 176.8353 176.7598 176.9699 176.9082
228.0897 -9999 -9999 -9999 -9999 -9999 -9999 -9999 -9999 -9999 -9999 -9999 151.5483 208.2611 21.10566 -9999 -9999 -9999 -9999 -9999 -9999 -9999 9.959229 98.51852 231.5203 379.177 349.4116 302.9515 352.1418 588.8943 273.5049 1578.526 3037.96 3292.112 3033.081 3142.854 1840.661 849.8506 3296.023 2828.124 3085.428 3535.999 3629.657 2233.626 1278.602 1222.458 436.1246 160.5366 158.9102 151.7715 164.0376 77397.48 86500.23 162.2095 169.7176 178.0641 183.1719 182.7894 180.6429 157.3758 136.6181 118.0718 108.8781 101.5113 117.3957 125.916 141.9715 148.8058 145.0247 146.1014 123.0073 104.9268
1035.008 610.5497 322.8332 949.5837 -9999 -9999 -9999 44.91132 233.5224 244.6318 60.32718 -9999 95.06072 79.58737 126.5951 225.84 248.2615 279.0547 117.6967 268.1473 287.3519 286.5583 400.1893 233.3119 352.4736 475.3946 503.5427 585.1567 4751.281 5042.009 3669.299 2460.289 1491.708 3184.639 3311.751 3336.037 3370.52 755.5709 1484.967 3442.868 3330.63 1518.888 3783.339 3838.557 3597.2 3806.485 2467.693 197.5224 184.5189 170.4216 172.0784 5121.98 164.3127 165.7654 164.5029 176.0403 174.3239 149.2332 118.4331 93.17224 92.74211 92.87844 90.90722 92.6772 92.5044 91.52106 85.41679 89.4437 90.4059 91.7401 89.4492 60.05188
945.2236 922.894 944.9102 1553.544 1124.717 112.6443 -9999 33.40274 440.9734 220.2182 64.72765 63.55958 369.0178 487.0408 507.5885 489.4795 3071.671 17665.78 522.0786 526.1524 510.386 495.799 494.0872 499.8059 516.8711 1185.115 5967.423 13856.23 18279.81 13788.49 4885.751 3929.124 3778.548 3670.706 3585.488 3360.986 2194.264 259.1798 2585.109 3974.276 3893.924 2840.59 3521.027 3767.583 3636.623 3901.947 1269.735 339.0144 276.6006 357.5517 339.6117 242.7365 269.695 278.041 275.4093 148.1971 92.82038 95.44205 96.04195 95.44709 97.3047 97.25566 97.49496 97.03018 95.03461 91.67368 89.90662 93.74934 97.25809 97.35968 86.24023 63.87439
971.3253 1136.996 1171.619 1029.832 552.8508 243.6345 581.8654 381.1011 627.4416 628.4192 469.7381 506.5387 647.5277 751.9849 973.752 1219.437 1200.624 2566.763 6559.588 6601.32 6492.899 6665.952 6341.086 4859.671 4827.735 4980.271 11740.06 12600.94 7985.349 4184.355 3568.613 3726.926 3686.477 3338.51 3019.835 2170.2 1972.377 3663.719 4292.754 4154.861 4146.32 3847.665 4130.156 4296.983 4034.143 3734.369 3925.984 1173.785 411.8792 407.0361 386.6365 394.2564 417.1807 280.1419 149.1826 101.1023 101.4649 98.28288 98.73581 100.2435 100.8891 101.6549 101.6416 101.6054 101.1283 99.35242 100.4293 100.4063 100.237 100.0142 897.6287 1162.715
206.2024 402.5468 -9999 597.8307 4679.187 3578.377 2134.454 1857.156 1459.901 1395.274 1365.34 1278.323 1386.89 1398.67 1404.399 1405.746 1510.445 4208.807 4914.755 7583.931 7982.194 7917.541 8337.016 6174.164 5603.165 10192.55 9359.188 4536.02 3937.452 2952.401 4384.911 4421.573 4430.753 4410.528 4503.059 4437.752 4205.962 4397.621 4455.66 4378.853 4281.43 3953.117 4326.559 4350.856 4370.865 3925.571 4211.218 4056.63 1661.412 450.8367 448.8809 422.3963 416.7084 167.9309 105.2094 103.8363 104.941 104.7048 105.5461 105.4827 105.8257 105.9082 105.7913 105.6882 105.3763 105.029 106.0846 105.3896 103.149 106.7752 1321.005 2473.556
1312.432 3798.566 8859.665 164525 377752.1 6514.524 5800.324 4655.133 3875.121 2193.148 1744.083 1828.77 1775.55 2026.315 2312.134 3458.338 17654.88 13261.45 8792.184 10864.21 7387.386 5736.082 5726.054 9311.682 17232.74 17223.68 15683.51 9813.177 9823.393 8712.053 10504.52 5975.894 7862.327 9882.643 6858.977 4477.094 4458.031 4298.518 4038.296 4339.131 4295.09 4351.373 3999.999 4212.751 4426.204 4522.65 4720.567 4785.912 4540.792 3636.535 458.6627 446.0391 475.4019 401.4511 305.9767 227.9517 112.4257 108.8503 109.4052 109.5779 109.7545 109.3685 109.1958 109.026 109.0762 109.4701 109.6608 109.854 109.7483 286.4816 1406.665 1849.707
8437.047 6516.599 7464.375 8279.392 11076.43 10514.17 7341.138 5528.036 4775.843 4379.78 4046.936 2903.863 2733.348 2841.272 4105.846 4575.419 18493.57 38352.43 19340.5 11139.32 4183.847 2683.51 2576.705 11716.77 18189.62 17353.71 18012.42 17884.71 16446.32 14957.59 17546.96 17778.06 17596.42 17414.49 15356.27 9647.609 8455.977 7400.093 5673.062 5453.595 4425.537 4022.663 3890.02 4651.731 5586.078 5043.031 4836.091 4888.305 4930.471 2447.455 482.6786 460.0292 492.058 491.001 492.4573 433.3259 132.9396 114.2658 114.3398 113.5245 112.5426 112.8857 113.3879 113.8217 114.0101 114.1467 113.9977 113.4885 113.2747 112.9175 124.8529 139.1935
8589.561 9022.123 9373.99 10042.89 26789.69 17518.76 6911.556 6524.416 5267.892 4464 4790.444 4377.317 5254.164 15813.6 11289.63 5019.455 4981.101 13289.67 16346.7 3777.729 1730.139 1740.054 1739.136 10844.94 18776.48 18708.34 18839.25 18819.04 18279.58 16943.95 17276.36 18488.81 18518.42 16712.14 15181.29 13797.4 12742.89 14339.11 14217.65 15459.76 15161.07 12530.98 11057.09 13306.62 17204.48 16220.31 14617.79 11467.52 6260.777 1013.856 507.9806 509.799 495.3076 501.2162 379.1859 170.0807 117.7188 118.2053 118.1301 118.2842 118.2893 118.1732 118.2078 118.2525 117.9802 117.9206 118.162 118.3509 118.3654 118.0581 133.4749 146.7917
8150.162 10599.14 9712.17 12789.14 18827.26 25571.08 21233.88 14919.77 12566.59 13180.58 79276.02 49699.8 9386.365 15857.16 229358.3 10216.04 5295.162 5518.687 5194.391 5217.896 4203.335 4155.136 4475.476 6945.334 10262.44 11852.97 16444.18 19471.88 19458.07 19266.63 19244.8 16580.01 18136.04 17273.27 17949.15 15607.58 16501.97 15634.39 16963.05 17570.77 17870.49 18994.75 19132.01 16930.06 18369.88 18477.08 18375.64 18384.65 17142.29 7808.104 881.3642 851.9782 784.1166 501.4095 439.5874 127.2111 275.0054 286.4271 265.6214 143.0142 121.2395 121.5858 121.7132 121.6825 121.507 121.9822 122.1262 122.1949 124.2617 139.2586 151.7716 151.2053
14015.98 11518.52 15384.45 18253.32 18840.76 17415.18 19610.61 14929.33 11732.76 29747.85 34299.61 20282.17 13081.22 9012.244 6442.32 6142.694 17208.7 18768.31 18891.12 9145.537 7640.626 7906.633 8083.165 40905.82 27522.25 12697.75 4868.342 16635.9 19055.12 17380.93 18629.63 18654.64 17874.28 16406.06 19856.61 19592.77 19632.14 19564.72 19876.4 19764.55 17479.05 48052.19 5421.549 6860.917 6456.76 8226.903 6525.358 2320.007 2727.823 1482.85 1491.276 1489.671 1485.784 1371.516 1248.075 1151.995 1327.927 1374.328 1367.448 390.4925 126.0033 125.3999 125.7747 381.5583 127.2389 125.6063 125.6229 126.1098 134.4769 152.8005 156.8798 155.697
22132.25 295941.1 72592.04 327496.3 59746.69 28934.73 17284.29 11640.58 13722.98 16928.14 16675.28 13405.63 17189.82 23660.54 11407.17 14978.04 22528.57 18884.19 20843.91 20055.16 249614 36078.8 38950.82 31141.94 121201.7 48330.41 3385.429 3796.792 13675 18033.08 18483.46 16023.77 11215.33 4065.083 4836.348 7580.83 15712.32 20557.17 20630.61 18718.04 8115.833 1747.307 1746.126 1642.442 1525.476 1612.961 1916.793 4500.598 2712.895 2431.594 2447.674 2084.371 1719.38 1536.227 1511.979 1461.797 1421.175 1413.308 2479.259 3376.787 3032.68 3619.119 4224.163 4989.271 3375.62 2847.248 1670.381 400.593 131.3378 156.1455 161.4741 161.5348
32783.2 33187.59 24637.66 57307.04 47018.65 58146.42 34530.78 19088.4 31338.04 48382.56 20790.35 20742.03 58276.13 508055.6 119850.6 38217 142297.1 45312.85 60794.34 125265 196299.6 123677.6 66504.95 181626.2 84100.94 35658.34 21611.78 14028.44 9175.454 28303.13 15056.86 9971.698 116897.2 5502.84 6743.218 4176.27 2986.795 6651.95 12002.21 6516.441 1669.545 1764.434 1860.658 1932.004 2578.948 7988.7 13048.04 15312.34 3397.66 2793.247 4565.843 3980.216 1842.635 1583.389 1586.154 1574.545 79637.37 6792.141 5252.441 5378.914 5474.018 5479.691 5166.647 4366.771 3954.213 3713.476 46065.22 3045.621 1757.063 378.2255 1536.092 1635.286
