jupyter_notebooks/gpw_v4_population_count_adjusted_to_2015_unwpp_country_totals_rev11_2020_1_deg.asc
ncols         360
nrows         180
xllcorner     -180
yllcorner     -90
cellsize      1.0000000000001
NODATA_value  -9999
[rows 64 to 95 of 180, columns 144 to 215 of 360]
-9999 -9999 -9999 -9999 -9999 -9999 -9999 -9999 -9999 -9999 -9999 -9999 -9999 -9999 -9999 -9999 -9999 -9999 -9999 -9999 -9999 559.043 491.5286 339.7456 612.0367 612.2558 611.8516 612.2281 612.7277 1394.18 5890.674 2938.867 2764.257 2744.103 2743.7 2743.7 2743.7 4900.892 3591.151 4789.674 667.5592 1167.721 2151.932 3835.877 3099.038 4810.114 6060.013 12144.57 11469.7 4712.082 3699.937 3699.937 3699.937 3699.937 3699.937 1886.234 1513.898 1513.898 1513.898 1513.898 1513.895 0 0 0 87685.24 19967.02 94199.71 0 4553965 49470.74 17229.13 -9999
-9999 -9999 -9999 -9999 -9999 -9999 -9999 -9999 -9999 -9999 -9999 -9999 -9999 -9999 -9999 -9999 -9999 -9999 -9999 -9999 1364.227 1039.317 192.1337 137.2308 326.1352 326.1344 326.1336 326.1328 326.132 1253.958 2137.815 2309.565 2779.147 2906.923 2873.807 2838.522 2800.307 2062.11 672.9812 672.9812 672.9812 1031.935 1273.997 1377.992 2238.876 4608.256 5187.337 4563.969 3730.173 3730.173 3730.173 3730.173 3730.173 3730.173 3730.173 1911.38 1526.27 1526.27 1526.27 1526.27 1526.267 0 0 0 0 0 14541.38 0 849433.3 356363.6 3165.26 1591.748
-9999 -9999 -9999 -9999 -9999 -9999 -9999 -9999 -9999 -9999 -9999 -9999 -9999 -9999 -9999 -9999 -9999 -9999 -9999 3021.934 169085.5 1241.255 36.62308 128.3919 328.6401 328.6401 328.6401 336.4484 384.5281 1066.915 2154.493 2154.493 2169.419 2525.292 2914.481 2941.25 2941.25 1900.975 1206.352 1091.74 1197.469 14216.88 1544.412 1183.906 3073.438 2560.208 4227.591 3605.405 2531.87 3310.126 3759.266 3880.002 3556.953 3759.273 3759.273 1936.1 1538.177 1538.177 1538.177 1538.177 1538.174 0 0 0 0 0 5455.263 0 162160.5 10513.19 2708.56 6707.787
-9999 -9999 -9999 -9999 -9999 -9999 -9999 -9999 -9999 -9999 -9999 -9999 -9999 -9999 -9999 -9999 -9999 -9999 -9999 1567.301 2558.443 241.5002 39.77922 53240.75 331.0839 331.2411 362.3545 408.6497 414.4134 1112.646 2065.959 2170.514 2170.514 2170.514 2289.057 2775.313 2963.122 2355.959 1914.826 1914.826 2532.451 32375.8 14788.27 751.8432 751.8432 1195.794 3892.321 772.8699 768.68 837.7975 1354.276 4201.223 2925.67 3093.522 3533.286 1959.32 1549.615 1549.615 1549.615 1549.615 1549.612 20.00882 24.66632 28.09255 28.8812 20.14905 27.06318 12248.99 124.2053 79.40441 559.6893 10024.96
-9999 -9999 -9999 -9999 -9999 -9999 -9999 -9999 -9999 -9999 -9999 -9999 -9999 -9999 -9999 -9999 -9999 -9999 7881.275 2687.803 1812.958 2327.563 2022.293 1718.182 371.8182 395.1821 417.346 417.346 556.1467 1488.255 1767.522 2185.874 2185.874 2185.874 2185.874 2117.348 2330.863 3346.838 2104.782 1955.808 7781.127 33723.84 18363.55 1504.941 2528.311 4281.745 4373.807 774.1197 774.1197 774.1197 774.1197 3525.06 3867.218 2883.25 2883.25 2611.164 1953.93 1577.769 1560.581 1560.581 1560.586 4070.921 4070.956 4070.956 4070.956 4070.927 4044.68 3915.476 25797.96 38518.32 36938.76 36929.18
-9999 -9999 -9999 -9999 -9999 -9999 -9999 -9999 -9999 -9999 -9999 -9999 -9999 -9999 -9999 -9999 -9999 -9999 149571.2 1371.223 6685.247 8537.885 30290.92 7395.745 810.9231 799.7581 831.2578 862.748 1220.823 1541.601 1688.825 2129.736 2200.569 2199.994 1971.715 1691.797 1764.747 3549.837 3245.543 2010.814 2223.707 3101.591 6294.163 20698.69 4453.788 4452.718 4410.259 779.3236 779.3236 779.3236 779.3236 1660.168 4762.003 3432.47 2902.632 2905.254 4675.576 8059.197 3885.154 1575.726 1571.076 7841.203 7808.69 7771.504 7751.465 7744.179 7663.871 7725.73 28806.6 38344.5 35502.28 35914.35
-9999 -9999 -9999 -9999 -9999 -9999 -9999 -9999 -9999 -9999 -9999 -9999 -9999 -9999 -9999 -9999 -9999 -9999 -9999 982.4941 5042.752 6964.552 6350.5 2631.206 7851.542 660.2515 587.3103 662.9922 1526.885 1562.718 1717.696 1790.988 2214.593 4050.68 5981.126 1556.811 5842.716 11723.61 6314.796 2693.796 4391.39 8147.559 23114.05 24571.19 5004.08 4481.095 4445.461 784.2902 784.2902 784.2902 784.2902 2008.606 4538.102 2974.091 2921.131 6309.602 9804.877 9810.624 9810.624 7877.644 16428.09 16428.52 16428.52 27724.02 38929.54 38729.24 146010.2 45160.53 50960.19 38869.28 34610.88 34682.76
-9999 -9999 -9999 -9999 -9999 -9999 -9999 -9999 -9999 -9999 -9999 -9999 -9999 -9999 -9999 -9999 -9999 -9999 -9999 282644.7 1029350 14324.93 18508.09 26966.14 18589.21 2782.521 418.3094 1002.896 1572.138 1572.138 1710.267 3410.586 3062.059 4658.843 13336.02 23068.92 15024.5 42007.6 16966.15 3563.791 11301.12 15414.91 24710.84 22615.24 6893.261 4872.228 7868.076 789.0178 789.0178 789.0178 789.0178 2459.777 6894.645 7493.363 7500.954 13439.56 10093.73 9869.761 9869.761 9869.761 16526.73 16527.54 16527.54 22218.1 27932.33 27803.56 29875.27 94480.59 136450.8 115799.5 68432.67 121328
-9999 -9999 -9999 -9999 -9999 -9999 -9999 -9999 -9999 -9999 41021.13 6682.173 -9999 -9999 -9999 -9999 -9999 -9999 -9999 11853.6 110557.9 42458.11 81271.95 74940.45 36707.97 20315.1 8338.134 6554.558 1586.196 1581.079 1767.376 1767.868 7838.344 12184.76 42041.51 35608.99 39716.71 25856.15 3960.646 3024.936 10049.46 14385.11 17016.1 63652.89 119964.7 81037.48 57968.02 2569.123 8196.896 10257 10331.9 8808.965 8517.446 8518.188 16603.25 32086.91 21107.73 9925.893 10255.77 10616.89 16620.79 16621.54 16621.54 18030.55 19414.61 28539.27 50654.17 69342.3 168058.2 170602 139552.5 166704.5
-9999 -9999 -9999 -9999 -9999 -9999 -9999 -9999 -9999 -9999 26463.62 75673.28 -9999 42605.7 -9999 -9999 -9999 -9999 -9999 270332.8 427420.7 350791.9 313247.7 207928.9 172068.7 108356.3 87129.78 77526.52 110867.4 15830.34 25607.72 45443.86 353382.1 112511.5 60534.14 249976.6 97190.39 25247.81 9308.308 6093.999 30135.16 109595.3 121347.4 23080.11 33301.72 17485.17 10183.62 8848.79 10528.17 10528.17 11760.66 22562.47 15549.07 8859.057 25121.47 32700.7 21244.67 9979 92505.95 119033.7 26586.7 16710.47 17471.01 38558.11 41041.54 54796.16 60414.4 613443.6 1621689 521765.7 204153.7 199416.6
-9999 -9999 -9999 -9999 -9999 -9999 -9999 -9999 -9999 -9999 -9999 3533.703 288445.1 924.8764 -9999 -9999 -9999 -9999 5001.099 1182653 472134.8 217570.8 465157.8 411271.6 189518.7 249756.3 308126.5 162466.1 150698.9 141015.7 189193.5 198104.4 277150.7 92374.73 83767.95 59823.51 149390.5 117434.8 80724.29 105968.3 227762.7 477670.6 400758.7 102303.5 172046.1 172127.9 8889.762 8895.79 10580.99 10884.82 25169.58 29767.82 31001.66 32295.25 44739.94 62018.63 114806.1 165807.3 179313.1 92186.34 32375.49 16794.31 16829.87 55966.69 57324.53 64777.82 79187.62 102553.8 5041433 1245293 233209.2 615468.9
-9999 -9999 -9999 -9999 -9999 -9999 -9999 -9999 -9999 -9999 -9999 40458.45 27042.03 -9999 -9999 -9999 -9999 -9999 4412766 3371328 1681409 281023.6 211887.1 295490.8 536669.5 266038.8 288443.6 106241.8 124639 201853.7 404660.8 537645.5 639212 325922.8 295696 428016.8 573440.2 541144.8 333121.3 344287.2 671571.9 1525916 1283192 856352.9 555431.7 617955.3 143525 66886.84 115473.7 121508.5 86230.16 166244.7 44794 41987.23 66506.32 94850.8 221880.6 328325.8 278636.7 182773.9 93542.24 241071.2 133449.4 70865.28 59053.81 114014.2 174382 340049.5 1471967 2189539 305472.5 449141.9
-9999 -9999 -9999 -9999 -9999 -9999 -9999 -9999 -9999 -9999 -9999 -9999 -9999 -9999 -9999 -9999 -9999 -9999 -9999 2207413 1209600 697534.7 396492.5 198541.2 170169.3 144959.5 235110.6 208050.8 439873.3 796184.8 696046.3 688142 532719.7 990262.8 1012055 762024 535921.5 681835.1 2133348 860478.8 919920.9 2964127 1710208 2650673 2796800 1486760 423938.5 340806.2 409768.9 545129.4 285577.2 562123.3 238438.3 130515.3 73308.25 106579.2 283475.2 513248.2 555252.1 709383.3 919687.8 586505.4 163336.9 204323 263987 440654.9 603205.9 484252.5 1337639 1055641 504148.7 364013.4
-9999 -9999 -9999 -9999 -9999 -9999 -9999 -9999 -9999 -9999 -9999 -9999 -9999 -9999 -9999 -9999 -9999 -9999 -9999 644310.9 893733.3 725163.8 407614.4 261478.7 172605.7 137964.1 207326.3 1728058 3571217 612299.1 1014848 672891.4 605084.1 1153161 4703839 1225277 498928.2 330088 550904.9 1091163 2167540 1796293 2320076 3876172 6995152 2601741 2193507 693450.1 660277 857770.7 1355956 1324521 221328.5 199118.3 237364.3 161930.8 130217.5 324810.8 376518 303766 925450.7 754656.2 231509.2 300271.3 282311.8 297969.9 513143 349801.8 452401.7 341034.4 662263.4 236545.7
-9999 -9999 -9999 -9999 -9999 -9999 -9999 -9999 -9999 -9999 -9999 -9999 -9999 -9999 -9999 -9999 -9999 -9999 -9999 40208.43 912275.3 275662.9 358312.2 1174035 329137.3 266258.7 901255.8 600052.5 417955.8 489925.5 833014.9 1496079 742625.4 618572.3 715449.9 1294197 717937.1 425789.7 553677.9 860665.6 1442178 1365984 1175376 4517956 8183435 3168179 2591514 1316668 621621 1986670 1063396 358416.2 135758.6 148759.8 192250.2 100089.2 112476.5 127752 216145.9 445404.3 1219343 861278.3 557482 257569 153655.8 153111.3 168493.9 137335.6 141859.4 225575.4 500884 117323.9
-9999 -9999 -9999 -9999 -9999 -9999 -9999 -9999 -9999 -9999 -9999 -9999 -9999 -9999 -9999 -9999 -9999 -9999 -9999 -9999 5759.072 555059.5 644808.6 774044.4 424382.5 358152.8 732570.4 290489.7 212424.8 592292 767494.5 792486.7 624602 634532.8 511283 1233894 1259555 678571.2 492825.1 499766.4 589431.1 804877.1 830515.5 2839529 1840873 1272798 1298469 2267234 1102307 2503963 1875668 680756.9 252089.5 170144.6 93129.18 94924.7 103848.3 28822.83 28224.27 341720.1 633856.8 279951.1 414985.4 219027.6 102789.4 87048.16 86867.95 100135.7 125506.2 165387.7 360479.1 225920.2
-9999 -9999 -9999 -9999 -9999 -9999 -9999 -9999 -9999 -9999 -9999 -9999 -9999 -9999 -9999 -9999 -9999 -9999 -9999 -9999 -9999 138.942 3516701 782783.7 395463.1 489375.7 338157.4 252368.8 212004.4 366303.4 947787.8 242737.3 247957.8 374722.5 195183.1 1054682 757855.1 1049411 883138.8 471350.2 433971.8 1172854 1716902 3418440 3396375 2030177 740963.5 1749219 1762004 1450066 851313.3 1091647 561840.5 429912.1 235384.7 142994.3 27826.84 19104.24 17312.7 123939.1 211864.9 12521.93 272040.5 367971.3 265210.7 285827.9 168770.3 345468.7 116628.9 138156.2 849267.3 1449066
-9999 -9999 -9999 -9999 -9999 -9999 -9999 -9999 -9999 -9999 -9999 -9999 -9999 -9999 -9999 -9999 -9999 -9999 -9999 -9999 -9999 -9999 1758554 1052945 842125 1088861 444639.3 497532.3 244108.8 353373.2 417726.9 274840.5 211854.4 387257.5 262033.1 515325.2 746498.6 731357.4 695100 1580629 3109992 1435430 1274264 2812165 1539812 1103469 624741.9 926264.8 623934.5 506482.8 260717.4 688877.8 878701.3 702605 289392.6 19231.35 14013.06 14767.29 7620.097 46695.08 48604.4 12556.59 82080.34 245852.6 371646.4 274737.2 244814.3 212376.2 260730.5 470223.1 928843.2 1812908
-9999 -9999 -9999 -9999 -9999 -9999 -9999 -9999 -9999 -9999 -9999 -9999 -9999 -9999 -9999 -9999 -9999 -9999 -9999 -9999 -9999 -9999 736.4666 276869.3 1501376 346995.1 409353.9 1233553 1120504 919176.3 1055311 892620 591448.7 1323112 1112840 398362.8 1072074 1379209 1651796 5520805 7012288 5918604 2795137 2255165 2318597 1741030 569973.8 272408.4 149643.4 295634.3 255130.4 324597.1 330212.5 148914 104671.5 52494.45 9135.526 37837.68 21040.37 3849.725 1465.172 7964.242 36547.27 121301.4 176305.5 286994.3 193229.9 196798 211921.8 157141.8 95948.28 1399895
-9999 -9999 -9999 -9999 -9999 -9999 -9999 -9999 -9999 -9999 -9999 -9999 -9999 -9999 -9999 -9999 -9999 -9999 -9999 -9999 -9999 -9999 -9999 -9999 92712.03 2373359 417358.7 571596.8 1129181 1566106 1764196 785886.1 955862.7 1209795 5349283 1839043 1772540 5107823 5296169 1.586863e+07 2059692 2722622 5609261 6746248 3117102 1391505 1347703 571714.4 214271.4 243528.8 189335 246287.1 158254.9 207883.5 88452.88 127411.7 23158.22 63835.62 28108.95 4565.818 5212.403 942.1208 48276.55 54256.41 109517.4 209245.6 253890.9 207385.5 155796 77408.44 72154.23 675705.9
-9999 -9999 -9999 -9999 -9999 -9999 -9999 -9999 -9999 -9999 -9999 -9999 -9999 -9999 -9999 -9999 -9999 -9999 -9999 -9999 -9999 -9999 -9999 -9999 -9999 54882.38 191543.8 194469.8 317624.6 1395694 934722.9 4188039 2633242 839164.1 2204177 6823597 627541.5 4638.396 -9999 -9999 28060.08 3230832 6034801 1.226393e+07 1622766 629224.6 2240478 249287.2 88586.23 190415.3 150226.3 138644.9 116913.3 85597.29 48132.36 130916.9 220287.6 117037.6 22114.13 19975.5 15305.53 46220.63 35695.07 87768.62 175306.2 111457.5 150829.3 263841.9 401438.5 732415.5 486843.7 145555.8
-9999 -9999 -9999 -9999 -9999 -9999 -9999 -9999 -9999 -9999 -9999 -9999 -9999 -9999 -9999 -9999 -9999 -9999 -9999 -9999 -9999 -9999 -9999 -9999 -9999 -9999 1248.813 61907.55 416415.4 433302.3 647.7046 -9999 -9999 92745.07 749271.7 -9999 -9999 -9999 -9999 -9999 -9999 610209.8 3458033 6746301 1985110 3376121 247113.8 434717.4 145541 144963.6 168735.8 268339.7 143095.7 124208.1 1354413 308309.1 302312.2 268057.3 194705.5 71928.97 69812.74 40771.05 33976.68 76817.75 155203.9 155208.2 391964.4 427298.1 1063698 1397111 301023.7 166101.6
-9999 -9999 -9999 -9999 -9999 -9999 -9999 -9999 -9999 -9999 -9999 -9999 -9999 -9999 -9999 -9999 -9999 -9999 -9999 -9999 -9999 -9999 -9999 -9999 -9999 -9999 -9999 -9999 -9999 -9999 -9999 -9999 -9999 -9999 -9999 -9999 -9999 -9999 -9999 -9999 -9999 -9999 -9999 -9999 271593.6 1808949 295762.6 4434765 156162.7 85365.06 93739.09 108113.1 154077.6 261909.6 346434.4 788396.9 428977.2 282844.6 201430.6 93395.43 97212.7 111324.4 138837.1 160352.5 99561.13 260603.9 1558222 1974367 1075224 603127.9 388378 228535.1
-9999 -9999 -9999 -9999 -9999 -9999 -9999 -9999 -9999 -9999 -9999 -9999 -9999 -9999 -9999 -9999 -9999 -9999 -9999 -9999 -9999 -9999 -9999 -9999 -9999 -9999 -9999 -9999 -9999 -9999 -9999 -9999 -9999 -9999 -9999 -9999 -9999 -9999 -9999 -9999 -9999 -9999 -9999 -9999 -9999 61304.04 286698.9 277703.4 137109.8 105522.8 63873.09 58786.3 130731 275384.6 458034.9 482305.2 445332.8 443820.1 422448.6 175204 134606.9 162942 159094.5 328027 258382.6 336750.1 2454646 1293633 2314479 1322065 579694.6 311260
-9999 -9999 -9999 -9999 -9999 -9999 -9999 -9999 -9999 -9999 -9999 -9999 -9999 -9999 -9999 -9999 -9999 -9999 -9999 -9999 -9999 -9999 -9999 -9999 -9999 -9999 -9999 -9999 -9999 -9999 -9999 -9999 -9999 -9999 -9999 -9999 -9999 -9999 -9999 -9999 -9999 -9999 -9999 8289.866 -9999 199641.9 240687.6 208998.2 42538.04 24714.12 40399.68 32446.54 93778.06 269035.7 146790.7 222365.7 252607.1 310070.1 148783.3 136110.9 163342.8 127062.2 73915.55 164954 130256.4 559609.8 1630070 1636556 1190061 3390791 3006912 1144961
-9999 -9999 -9999 -9999 -9999 -9999 -9999 -9999 -9999 -9999 -9999 -9999 -9999 -9999 -9999 -9999 -9999 -9999 -9999 -9999 -9999 -9999 -9999 -9999 -9999 -9999 -9999 -9999 -9999 -9999 -9999 -9999 -9999 -9999 -9999 -9999 -9999 -9999 -9999 -9999 -9999 -9999 202698 -9999 -9999 637944.9 23427.79 26817.34 18370.77 21370.48 93918.29 52925.69 62249.71 235253.3 208793.3 202585.8 165195.6 168676 161541.9 202178.2 395423.1 804954.6 62867.94 76416.52 729712.4 3105810 3052665 2259887 7780501 5027179 7839823 3159082
-9999 -9999 -9999 -9999 -9999 -9999 -9999 -9999 -9999 -9999 -9999 -9999 -9999 -9999 -9999 -9999 -9999 -9999 -9999 -9999 -9999 -9999 -9999 -9999 -9999 -9999 -9999 -9999 -9999 -9999 -9999 -9999 -9999 -9999 -9999 -9999 -9999 -9999 -9999 -9999 -9999 -9999 51.20657 -9999 9528.29 162227.6 41323.55 18803.24 28020.72 38332.97 98137.6 66812.2 62430.4 181138.6 496701.3 169079.2 173349.5 178970.5 140521.2 155035.5 123192.4 87638.45 126126.3 117783.9 528918.3 1642506 3141907 2224740 141001.7 47967.03 5064918 3758308
-9999 -9999 -9999 -9999 -9999 -9999 -9999 -9999 -9999 -9999 -9999 -9999 -9999 -9999 -9999 -9999 -9999 -9999 -9999 -9999 -9999 -9999 -9999 -9999 -9999 -9999 -9999 -9999 -9999 -9999 -9999 -9999 -9999 -9999 -9999 -9999 -9999 -9999 -9999 -9999 -9999 3946.128 -9999 -9999 815.4944 41027.13 24365.3 32717.4 58585.13 353836 61360.48 48854.46 102918.4 210937.2 173602.9 121355.8 38206.69 58814.09 116297.6 113637.6 103257.1 91422.24 139382.4 194025.3 1341551 5581263 4947745 1595677 97356.7 926419.8 1928313 436884.1
-9999 -9999 -9999 -9999 -9999 -9999 -9999 -9999 -9999 -9999 -9999 -9999 -9999 -9999 -9999 -9999 -9999 -9999 -9999 -9999 -9999 -9999 -9999 -9999 -9999 -9999 -9999 -9999 -9999 -9999 -9999 -9999 -9999 -9999 -9999 -9999 -9999 -9999 -9999 -9999 -9999 -9999 -9999 -9999 -9999 3726.068 27218.46 54321.58 77042.82 136088.6 65871.51 43696.43 246538 120212 133705.4 110822.4 78423.55 67281.52 5958.136 1237.907 10164.82 272908.8 178953.7 178054.1 2901022 5930315 4547922 1088774 2840307 2149257 676902.6 189739.8
-9999 -9999 0 3350.541 -9999 -9999 -9999 -9999 -9999 -9999 -9999 -9999 -9999 -9999 -9999 -9999 -9999 -9999 -9999 -9999 -9999 -9999 -9999 -9999 -9999 -9999 -9999 -9999 -9999 -9999 -9999 -9999 -9999 -9999 -9999 -9999 -9999 -9999 -9999 -9999 -9999 -9999 -9999 -9999 -9999 -9999 3381.745 59769.32 126881.8 159363.1 60283.7 11108.5 86237.59 286809.3 134780.7 119403.5 86490.59 100082.3 8097.98 -9999 14656.71 172149.6 354627 239856.1 748896.6 5968795 2696222 812543.7 1851637 1444523 548788.6 698480.4
-9999 -9999 -9999 -9999 -9999 -9999 -9999 -9999 -9999 -9999 -9999 -9999 -9999 -9999 -9999 -9999 -9999 -9999 -9999 -9999 -9999 -9999 -9999 -9999 -9999 -9999 -9999 -9999 -9999 -9999 -9999 -9999 -9999 -9999 -9999 -9999 -9999 -9999 -9999 -9999 -9999 -9999 -9999 -9999 -9999 -9999 -9999 542360.4 265734.9 357778.8 150182.6 7812009 268037.7 305614.8 673308.7 581274.1 431640.6 547124.1 470426.4 95617.69 13979.24 143125.1 452340.9 287542.5 431812 1851062 1054292 241365.5 1014613 931796.1 1153777 1330856
1766726 -9999 -9999 -9999 -9999 -9999 -9999 -9999 -9999 -9999 -9999 -9999 -9999 -9999 -9999 -9999 -9999 -9999 -9999 -9999 -9999 -9999 -9999 -9999 -9999 -9999 -9999 -9999 -9999 -9999 -9999 -9999 -9999 -9999 -9999 -9999 -9999 -9999 -9999 -9999 -9999 -9999 -9999 -9999 -9999 -9999 -9999 14.39876 1333319 796100.1 449312.9 374213.4 278602.4 365512.7 871277.6 513725.3 645976.4 838192.9 2206950 516129.3 322937.3 316438.3 656687.4 469470.4 377725.7 250591.4 250380.3 309906.1 634989.4 279577.7 396194.6 493962
